Year	LowFreq_Hz	HighFreq_Hz	PeakFreq_Hz	DeltaFreq_Hz	DeltaTime_s	PFC_Num_Inf_Pts
Pre-Lockdown	3745.1	23610.4	7742.7	19865.3	1.134	175
Pre-Lockdown	1016.2	23372.6	1125	22356.4	1.507	284
Lockdown	12777	23223	15656.2	10446	0.774	44
Lockdown	16866.9	23088.3	17156.2	6221.4	1.086	77
Pre-Lockdown	1254.5	22999.1	3656.2	21744.6	2.631	347
Pre-Lockdown	5651.4	22605.7	12695.3	16954.3	1.271	384
Pre-Lockdown	5663.7	22088.5	10500	16424.8	1.004	419
Pre-Lockdown	5008.1	22005.2	10253.9	16997.1	1.224	155
Pre-Lockdown	5532.8	21926.2	7324.2	16393.4	0.611	314
Lockdown	4489.2	21901.9	10125	17412.7	1.929	83
Pre-Lockdown	4054.5	21894.4	4882.8	17839.9	0.487	243
Lockdown	15385.7	21814.3	16875	6428.6	0.678	68
Pre-Lockdown	7646	21805.3	8250	14159.3	0.109	34
Pre-Lockdown	2681	21782.8	6347.7	19101.8	2.542	1165
Pre-Lockdown	7106.6	21764	13183.6	14657.4	0.171	91
Pre-Lockdown	3104.5	21731.3	18750	18626.9	1.376	454
Pre-Lockdown	5253.7	21731.3	9000	16477.6	1.01	266
Lockdown	7362.7	21681.4	10125	14318.6	0.663	71
Pre-Lockdown	3964.6	21522.1	9375	17557.5	0.687	212
Pre-Lockdown	9550.9	21447.7	18066.4	11896.8	0.444	149
Pre-Lockdown	7911.4	21360.8	20507.8	13449.4	1.083	441
Pre-Lockdown	3317	21290.3	4640.6	17973.4	2.185	304
Lockdown	8236.5	21280.8	14531.2	13044.3	0.767	39
Lockdown	7159.3	21193.2	9468.8	14033.9	1.029	86
Pre-Lockdown	3065.7	21131.1	10687.5	18065.4	2.693	236
Lockdown	4345.5	21129.6	7781.2	16784.1	1.106	42
Pre-Lockdown	8955.2	21108.7	15234.4	12153.5	0.63	122
Pre-Lockdown	3882.7	21012.2	6835.9	17129.5	0.463	149
Pre-Lockdown	2068.6	20981.1	16601.6	18912.5	1.133	621
Lockdown	5874.1	20979	10875	15104.9	0.99	67
Pre-Lockdown	6352.5	20901.6	8789.1	14549.2	2.346	1176
Lockdown	4555.9	20827.1	10781.2	16271.2	1.146	77
Lockdown	6833.9	20827.1	13593.8	13993.2	0.733	63
Lockdown	10372.9	20786.4	10781.2	10413.6	0.679	59
Pre-Lockdown	4537.3	20776.1	10875	16238.8	0.854	323
Lockdown	7972	20769.2	9843.8	12797.2	0.66	41
Pre-Lockdown	5978	20709.3	9765.6	14731.3	0.969	487
Lockdown	6061	20705.1	7406.2	14644.1	1.104	105
Lockdown	5160.8	20685.3	8718.8	15524.5	1.136	21
Lockdown	5355.1	20669.4	7875	15314.3	1.017	67
Lockdown	4669.5	20629.5	11343.8	15960	2.092	137
Pre-Lockdown	3284.6	20583.7	6375	17299	1.278	128
Lockdown	6874.6	20583.1	12000	13708.5	0.866	56
Lockdown	4069.9	20559.4	8906.2	16489.5	0.996	72
Lockdown	5491.5	20501.7	8156.2	15010.2	0.812	67
Pre-Lockdown	13060.9	20450.6	18750	7389.7	0.776	198
Pre-Lockdown	5316.1	20446.5	7875	15130.4	3.854	680
Lockdown	8139.9	20349.7	15093.8	12209.8	1.009	71
Lockdown	6377.6	20349.7	11250	13972	1.317	84
Pre-Lockdown	5387.8	20326.5	7500	14938.8	0.271	95
Pre-Lockdown	5970.1	20298.5	7500	14328.4	0.963	238
Pre-Lockdown	3379.1	20274.4	3656.2	16895.3	2.403	384
Pre-Lockdown	3832.1	20255.2	9750	16423.1	1.112	158
Lockdown	10153.8	20223.8	16875	10069.9	1.228	103
Pre-Lockdown	6109.4	20195	9750	14085.6	1.147	193
Pre-Lockdown	4715.4	20191.4	15937.5	15476	0.642	109
Lockdown	4139.4	20153.3	10125	16013.9	1.288	81
Pre-Lockdown	3307.3	20144.2	3656.2	16836.9	3.068	492
Pre-Lockdown	2805.2	20103.9	5203.1	17298.7	1.222	151
Lockdown	6214.3	20100	10218.8	13885.7	1.685	67
Lockdown	3583.7	20090.5	10593.8	16506.8	1.225	43
Pre-Lockdown	5731.3	20059.7	7500	14328.4	0.132	30
Lockdown	6177.2	20059.1	8062.5	13882	0.821	20
Lockdown	4146.2	20053.2	10406.2	15907	1.091	57
Pre-Lockdown	3394.1	20036.2	10500	16642.1	1.171	72
Pre-Lockdown	3898.9	20014.4	13218.8	16115.5	2.552	398
Pre-Lockdown	7742	20000.3	19531.2	12258.2	0.925	371
Lockdown	7054.2	19980.3	12843.8	12926.1	0.577	35
Pre-Lockdown	6400	19968	9750	13568	0.637	251
Pre-Lockdown	5583.9	19926.7	6937.5	14342.9	2.078	172
Pre-Lockdown	2845.4	19917.5	5062.5	17072.1	2.815	418
Lockdown	4181.2	19902.4	10593.8	15721.3	1.072	87
Lockdown	5958	19888.1	9750	13930.1	0.892	27
Pre-Lockdown	4921.5	19855.6	7125	14934.1	1.356	355
Pre-Lockdown	13647.3	19850.7	16125	6203.3	0.945	308
Pre-Lockdown	2976.4	19842.5	3937.5	16866.1	1.118	184
Lockdown	5950.7	19822.7	11343.8	13871.9	1.025	119
Pre-Lockdown	6877.2	19789.5	9375	12912.3	0.81	76
Lockdown	4796.8	19768.7	10500	14971.9	1.667	123
Pre-Lockdown	5221.7	19767.9	19500	14546.2	1.383	541
Lockdown	12251.7	19762.2	13500	7510.5	1.028	56
Lockdown	6344.8	19743.8	7312.5	13399	0.772	73
Lockdown	4576.3	19728.8	6468.8	15152.5	1.126	94
Pre-Lockdown	4674.5	19714.3	18187.5	15039.8	1.149	234
Pre-Lockdown	4096	19712	8625	15616	1.032	210
Pre-Lockdown	3503.6	19707.8	10125	16204.2	2.337	164
Lockdown	6427.1	19688.1	10031.2	13261	0.781	71
Lockdown	6305.1	19688.1	14343.8	13383.1	0.898	89
Lockdown	7678.3	19678.3	9468.8	12000	0.939	59
Pre-Lockdown	8153	19673.4	15750	11520.5	0.938	386
Pre-Lockdown	4087.3	19670.2	10253.9	15582.9	1.297	705
Lockdown	4071.8	19654.2	10968.8	15582.4	0.746	52
Pre-Lockdown	4777.7	19641.9	10253.9	14864.2	1.259	640
Pre-Lockdown	8326.4	19641.9	11230.5	11315.4	0.751	274
Lockdown	5363.3	19639.9	15750	14276.5	1.873	146
Pre-Lockdown	5142.9	19591.8	15375	14449	0.759	309
Lockdown	6755.2	19552.4	9468.8	12797.2	1.031	74
Lockdown	5572.9	19525.4	8156.2	13952.5	1.042	76
Lockdown	13090.9	19510.5	16406.2	6419.6	0.755	58
Lockdown	8100	19500	10125	11400	2.592	168
Pre-Lockdown	7061.7	19480.5	9375	12418.8	0.748	212
Pre-Lockdown	7278.5	19462	12207	12183.5	0.267	120
Lockdown	4671.4	19457.1	10875	14785.7	0.202	10
Pre-Lockdown	3840	19456	8250	15616	1.266	436
Pre-Lockdown	5067.6	19425.7	14648.4	14358.1	0.769	330
Pre-Lockdown	3832.1	19379.3	10312.5	15547.2	2.82	241
Pre-Lockdown	4708	19379.3	10500	14671.3	5.162	316
Lockdown	9062.9	19342.7	12187.5	10279.7	0.828	67
Pre-Lockdown	10306	19323.8	13183.6	9017.8	0.804	183
Pre-Lockdown	6300.4	19307.8	9375	13007.4	1.283	265
Pre-Lockdown	6910.2	19307.8	12750	12397.6	1.054	167
Lockdown	4447.6	19300.7	8906.2	14853.1	0.835	55
Lockdown	6804.1	19299	11156.2	12494.8	0.961	51
Lockdown	5990.1	19270.9	10218.8	13280.8	0.875	79
Lockdown	11874.1	19258.7	15187.5	7384.6	0.736	63
Pre-Lockdown	3524.7	19250.2	12695.3	15725.5	1.715	573
Lockdown	8123.7	19216.5	9937.5	11092.8	0.78	70
Pre-Lockdown	4432.6	19208	8789.1	14775.4	1.412	825
Pre-Lockdown	3406.5	19200	6000	15793.5	1.321	127
Lockdown	7010.3	19175.3	8531.2	12164.9	0.997	67
Lockdown	10153.8	19174.8	13968.8	9021	0.835	42
Lockdown	5421.9	19136.2	16593.8	13714.3	1.238	129
Lockdown	12545.5	19132.9	17343.8	6587.4	0.828	84
Lockdown	6514.9	19124.3	6562.5	12609.5	1.216	134
Pre-Lockdown	2235.6	19104.6	9937.5	16869	1.076	106
Pre-Lockdown	2032.4	19104.6	10546.9	17072.2	0.904	128
Pre-Lockdown	5078.1	19103.3	9000	14025.2	2.656	348
Lockdown	13274.2	19093.5	13875	5819.3	0.74	39
Pre-Lockdown	5538.5	19076.9	15187.5	13538.4	1.256	279
Pre-Lockdown	4028.4	19075.8	16113.3	15047.4	0.251	88
Pre-Lockdown	4051	19050.8	10687.5	14999.8	3.035	314
Lockdown	7335.5	19016.6	9281.2	11681.1	1.634	147
Pre-Lockdown	2813.4	18990.5	5440.8	16177.1	1.083	213
Pre-Lockdown	3869	18982.4	7687.5	15113.4	1.068	103
Lockdown	6737.5	18976.7	13500	12239.2	1.625	195
Pre-Lockdown	6381.4	18956.5	12207	12575.1	0.205	69
Lockdown	3917.5	18927.8	5531.2	15010.3	0.799	16
Pre-Lockdown	11393.9	18909.1	12000	7515.2	1.794	739
Lockdown	6179.4	18897	10031.2	12717.6	1.325	59
Lockdown	5694.9	18874.6	6656.2	13179.7	0.981	87
Pre-Lockdown	6209	18865.7	8625	12656.7	0.983	355
Pre-Lockdown	4537.3	18865.7	18750	14328.4	0.895	293
Pre-Lockdown	8210.1	18860.9	18164.1	10650.9	0.361	80
Lockdown	5302.3	18857.1	6281.2	13554.8	1.057	44
Pre-Lockdown	3503.6	18831.9	8437.5	15328.3	2.205	132
Lockdown	7809.5	18819	8718.8	11009.5	1.136	116
Lockdown	6069	18798	12843.8	12729.1	0.932	73
Lockdown	6900	18771.4	14625	11871.4	1.598	139
Lockdown	7678.3	18755.2	10312.5	11076.9	1.054	24
Pre-Lockdown	4326.9	18750	6738.3	14423.1	0.992	155
Pre-Lockdown	4594.5	18740.6	5625	14146.1	1.937	121
Lockdown	4823.9	18737.5	9562.5	13913.6	1.001	98
Lockdown	6185.6	18721.6	10031.2	12536.1	0.873	64
Lockdown	13342.7	18713.3	18562.5	5370.6	0.587	56
Lockdown	11874.1	18713.3	15281.2	6839.2	0.841	86
Pre-Lockdown	10373.9	18704.5	17578.1	8330.6	2.904	610
Pre-Lockdown	3455.1	18698.1	7125	15243	0.931	115
Lockdown	5491.5	18671.2	7500	13179.7	1.336	131
Pre-Lockdown	5770	18667.6	12750	12897.6	0.805	270
Pre-Lockdown	8671.8	18649	9937.5	9977.2	0.555	104
Pre-Lockdown	7365.7	18644.4	8789.1	11278.7	0.24	114
Lockdown	13933	18621.4	18187.5	4688.4	0.609	33
Lockdown	6935.2	18620	9843.8	11684.8	0.885	102
Pre-Lockdown	5076.9	18615.4	9187.5	13538.5	1.069	162
Pre-Lockdown	4160.5	18612.9	6187.5	14452.4	0.949	103
Pre-Lockdown	3065.7	18612.9	10125	15547.2	3.205	159
Pre-Lockdown	4408.2	18612.2	12375	14204.1	0.995	437
Lockdown	3835.1	18597.9	6937.5	14762.9	1.667	117
Lockdown	10951	18587.4	16312.5	7636.4	0.955	49
Lockdown	6472.9	18577.9	9281.2	12105.1	1.009	113
Lockdown	8978.4	18569	13125	9590.6	1.058	107
Lockdown	6955.9	18549.2	9656.2	11593.2	0.914	40
Lockdown	5898.3	18508.5	7125	12610.2	1.034	115
Lockdown	5328.7	18503.5	7593.8	13174.8	0.885	36
Pre-Lockdown	5912.3	18503.4	7500	12591.1	4.376	430
Pre-Lockdown	3861.6	18494.9	9937.5	14633.3	1.432	280
Pre-Lockdown	4951.7	18486.4	5231.6	13534.7	0.665	291
Lockdown	4000	18474.2	5812.5	14474.2	1.505	59
Pre-Lockdown	7692.3	18461.5	10125	10769.2	0.818	137
Lockdown	6108.4	18443.3	10875	12335	0.921	95
Pre-Lockdown	6675.2	18414.2	8300.8	11739.1	0.393	163
Pre-Lockdown	1351.4	18412.2	7324.2	17060.8	1.097	374
Pre-Lockdown	3722.6	18393.9	9375	14671.3	6.782	626
Pre-Lockdown	3343.3	18388.1	10875	15044.8	0.907	249
Pre-Lockdown	4298.5	18388.1	16875	14089.6	0.627	250
Lockdown	6774.4	18387.7	12750	11613.3	1.47	95
Pre-Lockdown	4324.8	18380.5	11230.5	14055.6	0.971	437
Lockdown	12931.9	18370.8	13875	5439	0.602	46
Pre-Lockdown	3741.5	18351.4	12750	14609.8	0.929	349
Lockdown	7552.4	18335.7	7593.8	10783.2	0.771	82
Lockdown	8700.5	18325.7	9843.8	9625.2	0.737	90
Pre-Lockdown	3348.2	18316.4	3375	14968.2	0.552	93
Lockdown	5654.2	18305.1	10312.5	12650.8	1.205	69
Pre-Lockdown	6300.4	18291.6	9562.5	11991.2	1.186	186
Lockdown	6350.5	18268	9937.5	11917.5	0.975	66
Lockdown	4189.2	18244.7	10593.8	14055.5	0.851	39
Pre-Lockdown	8401.6	18237.7	12207	9836.1	0.959	451
Lockdown	6915.3	18223.7	9187.5	11308.5	0.79	67
Pre-Lockdown	5451.1	18170.3	7125	12719.2	1.397	397
Lockdown	10363.6	18167.8	14343.8	7804.2	0.768	71
Lockdown	4489.5	18125.9	10125	13636.4	0.838	48
Pre-Lockdown	5386.5	18118.4	12207	12731.8	2.249	690
Pre-Lockdown	5892.6	18114.2	12695.3	12221.6	0.352	174
Lockdown	7159.3	18101.7	10125	10942.4	1.181	134
Lockdown	7014.8	18088.7	12093.8	11073.9	0.854	58
Pre-Lockdown	1016.2	18088.4	1125	17072.2	1.128	153
Lockdown	5857.6	18061	9187.5	12203.4	0.943	32
Pre-Lockdown	8493.8	18049.3	15136.7	9555.5	1.08	479
Pre-Lockdown	4567.9	18043.1	7324.2	13475.2	2.105	541
Lockdown	13114.3	18042.9	14812.5	4928.6	0.39	23
Lockdown	12923.1	18042	15093.8	5118.9	0.898	88
Lockdown	6042	18042	9937.5	12000	0.835	45
Pre-Lockdown	8145.5	18036.4	13875	9890.9	0.98	143
Lockdown	3546.4	18020.6	4593.8	14474.2	1.818	81
Lockdown	6538.2	18019.9	10218.8	11481.7	0.873	54
Lockdown	4943.5	18019.9	6468.8	13076.4	1.831	127
Lockdown	5621.3	18019.9	8906.2	12398.7	1.207	60
Pre-Lockdown	4473.6	18015.1	4687.5	13541.5	1.181	122
Pre-Lockdown	4556.1	17996.6	7812.5	13440.5	0.552	251
Pre-Lockdown	4196	17996.3	9562.5	13800.2	1.076	167
Pre-Lockdown	2862.5	17992.9	8625	15130.4	0.664	133
Lockdown	8557.8	17990.5	10500	9432.6	0.45	10
Lockdown	5244.8	17958	9562.5	12713.3	0.771	45
Pre-Lockdown	4604.7	17942.3	17871.1	13337.6	1.659	577
Pre-Lockdown	5439.3	17904.3	17578.1	12465	1.197	684
Pre-Lockdown	6572.5	17904.3	17578.1	11331.8	0.645	354
Lockdown	4624.6	17900.3	11437.5	13275.7	1.8	95
Pre-Lockdown	4110.8	17894.2	9000	13783.4	0.762	112
Pre-Lockdown	1422.7	17885.1	5625	16462.5	1.227	178
Pre-Lockdown	6965.3	17867.5	11625	10902.2	1.059	483
Pre-Lockdown	3722.6	17846.5	10687.5	14123.9	0.693	82
Lockdown	7322	17816.9	9843.8	10494.9	0.794	70
Lockdown	4577.3	17814.4	9468.8	13237.1	0.739	49
Lockdown	1757.1	17785.7	4406.2	16028.6	1.637	182
Pre-Lockdown	5308.6	17783.8	8789.1	12475.2	0.869	292
Lockdown	7817.9	17779.3	12187.5	9961.5	0.853	103
Pre-Lockdown	6760.6	17777.8	10742.2	11017.2	0.455	224
Lockdown	7605.9	17773.4	10687.5	10167.5	0.732	56
Pre-Lockdown	4116.1	17764.3	16601.6	13648.2	2.087	997
Pre-Lockdown	4945.5	17745.5	12937.5	12800	2.004	186
Lockdown	6977.2	17737.3	10125	10760.1	0.972	104
Pre-Lockdown	4379.5	17737	9937.5	13357.5	7.562	651
Pre-Lockdown	5292.7	17730.6	8300.8	12437.9	1.781	756
Pre-Lockdown	4640.9	17719.9	10253.9	13079	0.337	198
Pre-Lockdown	3876	17703.9	5906.2	13827.9	1.321	47
Pre-Lockdown	3457	17703.9	5906.2	14246.9	1.304	43
Lockdown	5484.2	17701.4	11156.2	12217.2	1.165	87
Pre-Lockdown	8615.4	17692.3	16875	9076.9	0.821	185
Pre-Lockdown	2663.8	17677.7	15625	15013.9	1.215	600
Lockdown	7694.4	17661.1	12750	9966.8	0.518	29
Pre-Lockdown	9451.9	17626.6	11230.5	8174.6	1.501	499
Pre-Lockdown	8553.7	17625.8	17089.8	9072.1	0.873	506
Lockdown	3986.7	17621.3	8812.5	13634.6	0.709	41
Pre-Lockdown	4859.8	17616.9	10253.9	12757.1	2.191	745
Pre-Lockdown	4166.7	17613.6	16992.2	13447	0.898	270
Lockdown	7340.7	17572.1	11625	10231.4	1.632	93
Lockdown	5700	17571.4	10875	11871.4	2.575	183
Pre-Lockdown	4324.8	17569.5	8789.1	13244.7	1.322	468
Lockdown	12057.1	17563	14343.8	5505.8	0.749	76
Lockdown	8591.1	17536.9	11718.8	8945.8	0.54	63
Lockdown	8215.5	17534.1	11250	9318.5	0.779	36
Lockdown	5369.5	17532.2	8062.5	12162.7	0.871	57
Pre-Lockdown	4983.8	17529.1	5625	12545.3	0.927	329
Pre-Lockdown	5255.4	17518	10500	12262.6	1.771	111
Lockdown	5538.5	17496.5	12093.8	11958	0.619	59
Lockdown	4405.6	17496.5	9187.5	13090.9	1.057	80
Lockdown	7596.7	17493.3	8343.8	9896.6	1.033	86
Pre-Lockdown	8038.3	17483.4	8161.2	9445.1	1.585	289
Lockdown	7174.8	17454.5	10125	10279.7	0.908	52
Lockdown	7636.4	17454.5	10687.5	9818.2	0.635	55
Pre-Lockdown	6713	17453.9	14648.4	10740.9	1.308	389
Pre-Lockdown	4059.7	17432.8	9750	13373.1	0.881	213
Pre-Lockdown	6209	17432.8	10125	11223.9	1.32	351
Pre-Lockdown	4489	17408.5	8812.5	12919.5	3.493	344
Pre-Lockdown	4864	17408	10875	12544	0.712	262
Pre-Lockdown	3584	17408	8250	13824	0.771	251
Lockdown	9120.8	17401.1	9562.5	8280.2	0.557	68
Pre-Lockdown	8149.3	17343.3	9765.6	9194	1.194	654
Lockdown	3546.4	17319.6	4968.8	13773.2	1.255	36
Pre-Lockdown	4552.8	17300.6	8370.5	12747.8	1.447	309
Pre-Lockdown	5145.9	17299	9000	12153.1	2.132	236
Pre-Lockdown	10377.4	17295.6	11425.8	6918.2	0.521	184
Pre-Lockdown	3989.9	17289.7	9562.5	13299.8	1.708	173
Lockdown	3958.8	17237.1	9000	13278.4	1.661	113
Pre-Lockdown	7263.5	17229.7	7324.2	9966.2	0.878	463
Pre-Lockdown	4763.4	17201.3	6835.9	12437.9	1.41	652
Lockdown	5484.5	17195.9	8531.2	11711.3	0.881	35
Pre-Lockdown	3175.1	17189.5	11625	14014.4	1.195	103
Lockdown	6660.1	17182.3	10125	10522.2	0.799	89
Lockdown	8000	17181	10031.2	9181	0.826	90
Pre-Lockdown	6959.7	17167.3	17089.8	10207.6	0.976	551
Lockdown	5979.7	17166.1	9656.2	11186.4	0.485	47
Pre-Lockdown	6239.2	17157.7	7324.2	10918.6	0.789	168
Lockdown	5742.9	17142.9	10031.2	11400	2.55	184
Pre-Lockdown	6205.7	17139.5	13183.6	10933.8	1.913	958
Lockdown	5916.1	17118.9	7781.2	11202.8	0.644	58
Pre-Lockdown	6499.1	17114.4	9765.6	10615.3	0.463	242
Pre-Lockdown	3843	17079.9	8300.8	13236.9	0.746	332
Lockdown	7422.7	17072.2	9093.8	9649.5	0.914	88
Pre-Lockdown	7079.1	17028.1	9960.9	9949	0.638	230
Lockdown	7911.3	17001.6	10406.2	9090.3	0.599	34
Pre-Lockdown	7132.7	16997.1	12137.2	9864.4	2.119	332
Lockdown	8709.4	16985.2	9281.2	8275.9	0.671	83
Lockdown	6019.9	16983.4	10125	10963.5	1.412	110
Pre-Lockdown	6433.9	16970.6	10687.5	10536.7	1.045	236
Lockdown	5572.9	16962.7	10406.2	11389.8	1.291	69
Lockdown	4271.2	16881.4	6843.8	12610.2	1.369	69
Lockdown	5749.2	16861.7	6937.5	11112.5	0.833	61
Lockdown	7630.3	16813.3	9750	9183	1.028	83
Pre-Lockdown	3748.1	16806	8062.5	13057.9	1.639	210
Pre-Lockdown	8200	16800	9668	8600	0.545	152
Pre-Lockdown	8044.2	16798.1	12304.7	8753.9	0.5	112
Lockdown	8786.4	16759.3	11062.5	7972.9	0.514	47
Lockdown	4515.3	16759.3	9937.5	12244.1	0.754	31
Pre-Lockdown	3784.2	16758.6	7324.2	12974.4	1.028	173
Lockdown	7756.1	16756.1	9750	9000	1.16	53
Pre-Lockdown	4160.5	16751.6	7125	12591.1	0.542	64
Lockdown	5820.6	16744.2	8062.5	10923.6	1.076	87
Lockdown	8786.1	16735.3	12093.8	7949.3	0.659	20
Lockdown	9356.6	16735.3	12187.5	7378.8	0.638	39
Lockdown	4784.1	16704.3	5625	11920.3	0.911	57
Lockdown	8148.6	16701.2	12000	8552.6	0.637	57
Lockdown	6377.6	16699.3	10500	10321.7	0.641	51
Lockdown	3787.4	16624.6	7031.2	12837.2	1.033	62
Pre-Lockdown	11343.2	16621.7	15904	5278.5	0.33	65
Lockdown	6351.8	16621.2	11906.2	10269.4	0.809	37
Pre-Lockdown	4615.4	16615.4	5812.5	12000	0.417	80
Pre-Lockdown	5533.8	16601.5	7875	11067.7	0.839	371
Pre-Lockdown	2459	16598.4	9277.3	14139.3	0.78	394
Lockdown	5101.4	16596.5	8437.5	11495.1	1.517	53
Lockdown	5505.8	16587.2	7593.8	11081.4	0.642	25
Lockdown	8215.5	16583.2	11531.2	8367.7	0.443	27
Pre-Lockdown	3871	16559.4	9277.3	12688.4	1.752	859
Pre-Lockdown	2983.1	16542.4	4593.8	13559.3	1.595	41
Pre-Lockdown	7884.6	16538.5	8789.1	8653.8	0.903	268
Lockdown	6430.8	16518.4	7875	10087.6	1.053	110
Lockdown	7949.3	16507.1	11718.8	8557.8	0.651	12
Pre-Lockdown	4595.1	16488.3	10253.9	11893.2	1.098	533
Pre-Lockdown	3784.2	16488.3	12695.3	12704.1	1.361	332
Pre-Lockdown	4595.1	16488.3	13671.9	11893.2	1.863	831
Lockdown	5597.3	16469.8	9656.2	10872.5	0.639	43
Lockdown	6299	16465.1	9750	10166.1	1.585	88
Pre-Lockdown	5918.9	16461.9	9000	10543	2.287	610
Pre-Lockdown	4329.2	16451.1	11625	12121.8	0.407	162
Pre-Lockdown	5090.9	16436.4	8062.5	11345.5	0.459	59
Lockdown	15017.6	16431.8	15468.8	1414.2	0.515	49
Lockdown	4123.7	16412.4	11625	12288.7	0.56	52
Pre-Lockdown	7173.5	16396.7	11230.5	9223.2	0.825	417
Lockdown	8862.1	16393	11625	7530.9	1.771	60
Lockdown	14283.8	16392.4	15000	2108.6	0.253	17
Lockdown	5577.5	16392.4	7406.2	10814.9	0.693	69
Lockdown	8890.4	16385.4	11812.5	7495	0.705	45
Pre-Lockdown	8428.4	16383.4	12346.5	7954.9	0.201	88
Pre-Lockdown	5456.1	16368.2	15625	10912.1	1.22	647
Pre-Lockdown	8902.3	16360.9	9750	7458.6	0.673	280
Lockdown	8443.7	16355	10875	7911.3	0.244	5
Lockdown	5814.3	16352.8	11437.5	10538.5	0.487	31
Lockdown	4265.8	16345.5	7125	12079.7	0.467	14
Pre-Lockdown	4833.7	16342.6	12207	11508.9	1.216	629
Pre-Lockdown	6265.5	16335.1	16113.3	10069.6	0.844	387
Pre-Lockdown	6799.1	16317.8	9277.3	9518.7	0.507	248
Pre-Lockdown	5950.7	16309.4	7875	10358.7	0.628	70
Lockdown	12657.3	16300.5	14156.2	3643.2	0.668	51
Pre-Lockdown	2984.5	16300.2	11718.8	13315.6	0.773	445
Lockdown	6123.6	16278.9	11250	10155.3	0.861	47
Pre-Lockdown	4994.1	16276.9	6000	11282.9	0.931	380
Pre-Lockdown	6327.8	16271.5	16113.3	9943.7	0.672	229
Lockdown	6538.2	16265.8	7968.8	9727.6	0.733	75
Pre-Lockdown	4971.7	16253.5	15375	11281.8	1.103	448
Pre-Lockdown	4288.8	16245.5	5062.5	11956.7	1.962	222
Pre-Lockdown	13051.4	16238.3	14648.4	3186.9	0.166	23
Pre-Lockdown	3450.6	16191.3	13183.6	12740.7	0.628	354
Pre-Lockdown	6970.7	16172	11230.5	9201.3	0.655	358
Pre-Lockdown	4870.1	16168.8	6445.3	11298.7	0.642	112
Pre-Lockdown	3522.1	16160.2	3808.6	12638.1	0.983	236
Pre-Lockdown	7156.3	16152.7	9375	8996.4	1.942	336
Lockdown	5776.3	16149.2	10218.8	10372.9	0.53	27
Pre-Lockdown	4899.1	16126.3	12207	11227.2	0.834	423
Pre-Lockdown	10000	16111.1	12304.7	6111.1	0.489	149
Lockdown	4505	16106.3	13125	11601.3	1.046	63
Lockdown	5302.3	16106.3	16031.2	10804	1.046	101
Pre-Lockdown	6503.2	16103.2	8437.5	9600	0.435	76
Pre-Lockdown	5467.3	16098.2	9277.3	10630.9	1.615	678
Lockdown	7771.8	16067.1	9843.8	8295.3	0.536	27
Lockdown	4106.3	16066.4	15187.5	11960.1	0.538	23
Lockdown	5063.1	16066.4	10312.5	11003.3	0.874	76
Pre-Lockdown	4239.7	16050.5	13125	11810.7	1.815	403
Pre-Lockdown	4763.4	16036.9	14941.4	11273.5	1.756	532
Lockdown	4352.5	16027.1	7500	11674.6	1.974	161
Lockdown	5898.3	16027.1	11343.8	10128.8	1.771	124
Lockdown	5613.6	16027.1	6468.8	10413.6	0.56	57
Pre-Lockdown	7063.9	16023	7125	8959.1	0.59	172
Lockdown	7759.1	16012.7	11531.2	8253.6	0.552	30
Pre-Lockdown	6083.8	16010	6375	9926.2	1.094	374
Pre-Lockdown	5036.4	15985.2	10687.5	10948.8	1.611	233
Lockdown	8633.9	15974.6	12093.8	7340.7	0.624	21
Pre-Lockdown	4324.8	15947.7	11230.5	11622.9	1.47	681
Pre-Lockdown	2973.3	15947.7	10253.9	12974.4	0.954	430
Lockdown	5382.1	15946.8	7875	10564.8	1.948	73
Lockdown	8900.2	15936.6	11718.8	7036.5	0.37	15
Lockdown	8862.1	15898.6	11531.2	7036.5	0.71	27
Pre-Lockdown	5063.9	15882.3	13183.6	10818.4	0.179	88
Pre-Lockdown	4421.1	15875.7	5440.8	11454.6	2.105	313
Pre-Lockdown	3328	15872	13125	12544	0.346	103
Pre-Lockdown	13966.9	15867.4	15562.5	1900.6	0.208	5
Lockdown	6817.3	15867.1	12281.2	9049.8	0.509	39
Pre-Lockdown	5580.1	15847.4	12695.3	10267.3	0.956	379
Lockdown	4303.1	15837.3	8531.2	11534.2	2.313	183
Lockdown	2969.1	15835.1	9000	12866	1.156	79
Lockdown	3902.9	15820.6	4500	11917.7	1.033	60
Pre-Lockdown	10709.6	15817.2	13500	5107.6	0.318	130
Pre-Lockdown	7811.1	15808.2	12750	7997.1	0.603	198
Pre-Lockdown	4252.4	15794.5	6835.9	11542.1	2.222	849
Lockdown	7016.6	15787.4	11625	8770.8	0.458	25
Lockdown	4693.3	15780.2	6937.5	11087	0.955	31
Lockdown	7030.3	15757.6	12375	8727.3	0.938	52
Lockdown	2700	15728.6	8062.5	13028.6	1.185	66
Pre-Lockdown	4631.6	15719.3	7500	11087.7	0.925	109
Pre-Lockdown	4100.5	15718.5	12207	11618.1	1.025	542
Lockdown	6618.1	15708.4	12093.8	9090.3	0.907	31
Lockdown	8443.7	15708.4	11062.5	7264.7	0.503	19
Lockdown	9242.5	15708.4	10968.8	6465.9	0.676	21
Lockdown	8557.8	15708.4	10031.2	7150.6	0.317	16
Lockdown	8938.2	15708.4	11531.2	6770.2	0.921	56
Pre-Lockdown	5785.1	15702.5	12304.7	9917.4	0.573	161
Lockdown	5914.3	15685.7	8250	9771.4	0.314	14
Pre-Lockdown	4988.7	15678.8	7125	10690.1	0.942	357
Pre-Lockdown	3243.6	15677.4	9277.3	12433.8	1.205	256
Pre-Lockdown	3243.6	15677.4	15625	12433.8	0.888	426
Lockdown	10291.4	15675.6	13781.2	5384.2	0.622	31
Pre-Lockdown	3215.4	15675.2	10742.2	12459.8	1.107	455
Pre-Lockdown	4408.2	15673.5	10125	11265.3	1.644	169
Pre-Lockdown	6647.6	15658.8	12011.7	9011.2	2.185	756
Pre-Lockdown	2271.2	15645.7	11906.2	13374.6	1.442	130
Lockdown	9763.3	15640.8	9843.8	5877.6	0.587	64
Lockdown	14389.1	15638	15375	1248.9	0.252	21
Pre-Lockdown	5124	15628.1	11230.5	10504.1	0.73	411
Pre-Lockdown	3605.8	15625	9277.3	12019.2	0.176	86
Pre-Lockdown	5992.4	15623.1	11718.8	9630.7	1.232	716
Pre-Lockdown	3362.6	15612.1	7812.5	12249.5	0.093	42
Pre-Lockdown	3443.7	15611.4	8789.1	12167.7	0.557	295
Pre-Lockdown	5969.1	15611.4	10742.2	9642.4	2.586	1386
Lockdown	7728.8	15579.7	8718.8	7850.8	0.309	14
Pre-Lockdown	3457.7	15559.8	13183.6	12102.1	0.257	127
Lockdown	5569.1	15558	10031.2	9989	0.821	41
Lockdown	3299	15546.4	8625	12247.4	1.744	43
Pre-Lockdown	4871.8	15543.4	12207	10671.6	0.805	460
Pre-Lockdown	5099.3	15540.8	14160.2	10441.5	1.854	867
Pre-Lockdown	6288.8	15537.1	12000	9248.3	1.097	425
Pre-Lockdown	3787.9	15530.3	10742.2	11742.4	1.504	826
Pre-Lockdown	2651.5	15530.3	12207	12878.8	0.378	184
Pre-Lockdown	4705.9	15529.4	10125	10823.5	2.664	831
Pre-Lockdown	4941.2	15529.4	10500	10588.2	1.844	580
Lockdown	11294.1	15529.4	12656.2	4235.3	0.218	9
Pre-Lockdown	5492.5	15522.4	11250	10029.9	0.698	126
Lockdown	3801.1	15513.8	7781.2	11712.7	0.899	41
Lockdown	8816.3	15510.2	12000	6693.9	0.146	0
Lockdown	6426.7	15464.3	6562.5	9037.6	0.768	60
Lockdown	8177.5	15442.2	11718.8	7264.7	0.9	32
Lockdown	6350.6	15428.6	7406.2	9077.9	1.33	88
Pre-Lockdown	4143.2	15421.9	12207	11278.7	0.423	162
Pre-Lockdown	3784.2	15407.1	10742.2	11622.9	1.559	809
Pre-Lockdown	5135.7	15407.1	7812.5	10271.4	0.917	410
Pre-Lockdown	8451.2	15403	10500	6951.8	0.277	99
Pre-Lockdown	4851.9	15399.4	13671.9	10547.5	0.281	124
Pre-Lockdown	6843	15396.7	7910.2	8553.7	0.633	189
Pre-Lockdown	3716	15395	4882.8	11679	0.997	557
Lockdown	5951.1	15386.6	8250	9435.6	0.427	25
Pre-Lockdown	5050.8	15381.9	9765.6	10331.1	0.966	554
Lockdown	6386.4	15376.3	10500	8989.8	0.611	44
Lockdown	4965.3	15372.1	5156.2	10406.8	0.805	82
Pre-Lockdown	6004.6	15371.9	7812.5	9367.3	0.971	429
Pre-Lockdown	3072	15360	11625	12288	0.705	296
Pre-Lockdown	6103.9	15352.1	9750	9248.3	0.527	191
Pre-Lockdown	2861.8	15349.6	7875	12487.8	0.593	203
Lockdown	7769.5	15335.6	9187.5	7566.1	0.591	36
Pre-Lockdown	3062.4	15311.8	14250	12249.4	1.727	431
Pre-Lockdown	2823.5	15294.1	10500	12470.6	3.43	950
Pre-Lockdown	3764.7	15294.1	10875	11529.4	2.352	716
Lockdown	4508.3	15292.8	9468.8	10784.5	1.119	57
Pre-Lockdown	3450.1	15292.2	4687.5	11842.1	2.36	416
Pre-Lockdown	4955.8	15292	9937.5	10336.3	1.059	181
Lockdown	9795.9	15281.6	11437.5	5485.7	0.141	2
Lockdown	8282.8	15272.7	9562.5	6989.9	0.846	46
Pre-Lockdown	5553.2	15271.3	7324.2	9718.1	1.686	421
Lockdown	6059.8	15269.1	15000	9209.3	0.898	43
Pre-Lockdown	3972.6	15263.1	11671.9	11290.5	0.323	41
Lockdown	7850.8	15254.2	10968.8	7403.4	0.514	58
Lockdown	9052.3	15252	11156.2	6199.7	0.656	16
Lockdown	6618.1	15252	11812.5	8633.9	0.503	37
Lockdown	9851	15252	11531.2	5401	0.594	38
Pre-Lockdown	609.7	15243	4921.9	14633.3	1.643	206
Pre-Lockdown	3463.4	15238.9	8250	11775.5	0.676	248
Pre-Lockdown	4231.7	15234.3	7687.5	11002.6	1.42	206
Pre-Lockdown	3356.5	15216.2	15136.7	11859.7	1.21	595
Lockdown	5063.1	15189.4	9562.5	10126.2	0.816	77
Pre-Lockdown	6539.5	15188.5	15136.7	8649	1.39	463
Lockdown	7458.3	15166.7	10125	7708.3	1.438	48
Pre-Lockdown	2868.9	15163.9	6835.9	12295.1	0.478	156
Pre-Lockdown	7899.4	15158.4	12695.3	7258.9	0.139	61
Pre-Lockdown	4097.9	15144.3	7875	11046.5	1.015	420
Pre-Lockdown	3513.9	15136.8	10742.2	11622.9	1.797	568
Lockdown	8032.7	15134	12281.2	7101.4	1.682	157
Pre-Lockdown	6370.3	15129.5	9277.3	8759.2	1.159	684
Pre-Lockdown	4003.6	15124.6	7812.5	11121	0.411	226
Pre-Lockdown	5862.5	15107.2	8300.8	9244.7	0.276	138
Pre-Lockdown	4206.8	15106.2	13500	10899.4	0.876	297
Lockdown	5557	15100.7	11812.5	9543.6	0.444	22
Lockdown	6916.7	15083.3	9937.5	8166.7	1.571	56
Pre-Lockdown	5875.5	15072	12695.3	9196.5	1.063	582
Lockdown	6219.3	15069.8	7312.5	8850.5	0.925	14
Lockdown	5956.8	15064.7	8812.5	9107.9	1.088	60
Pre-Lockdown	6413	15056.7	12695.3	8643.7	1.128	535
Pre-Lockdown	4182.4	15056.7	6835.9	10874.3	1.083	554
Pre-Lockdown	5645.2	15054	11671.9	9408.7	0.323	39
Lockdown	8363.3	15054	10031.2	6690.7	1.51	118
Lockdown	7791.7	15041.7	9468.8	7250	0.967	108
Pre-Lockdown	5487.5	15039.8	9000	9552.3	3.259	550
Pre-Lockdown	4364.9	15004.2	8300.8	10639.3	0.856	358
Pre-Lockdown	6285.7	15000	11812.5	8714.3	0.517	88
Lockdown	7666.7	15000	8906.2	7333.3	1.398	92
Lockdown	6857.1	14987.8	7875	8130.6	2.27	235
Pre-Lockdown	4072.7	14981.8	8812.5	10909.1	1.294	194
Pre-Lockdown	3561.3	14957.3	9765.6	11396	1.527	659
Lockdown	3867.1	14950.2	7218.8	11083.1	1.43	79
Lockdown	5501.7	14950.2	7968.8	9448.5	0.47	13
Lockdown	7798	14949.5	11718.8	7151.5	1.218	100
Lockdown	8975.9	14947	11250	5971.1	0.169	6
Lockdown	3410.1	14935.3	7781.2	11525.2	1.102	39
Pre-Lockdown	7467	14934.1	9375	7467	0.742	269
Pre-Lockdown	4295.1	14919.8	11718.8	10624.7	0.806	388
Pre-Lockdown	4812	14917.3	7875	10105.3	1.039	398
Pre-Lockdown	8738.4	14915.5	13183.6	6177.1	0.843	269
Lockdown	9088.8	14911.4	12750	5822.5	0.543	39
Pre-Lockdown	13966.9	14895	14250	928.2	1.061	39
Lockdown	5501.7	14870.4	8062.5	9368.8	0.424	23
Pre-Lockdown	4324.8	14866.5	14160.2	10541.7	1.864	742
Pre-Lockdown	7338.6	14860.7	12000	7522.1	1.19	459
Pre-Lockdown	3586.8	14859.5	13671.9	11272.7	0.252	123
Lockdown	7756.1	14853.7	11437.5	7097.6	0.346	16
Lockdown	4433.9	14847.5	10968.8	10413.6	1.744	153
Pre-Lockdown	4064.8	14836.5	8062.5	10771.7	0.805	149
Lockdown	6583.3	14833.3	12562.5	8250	1.409	39
Lockdown	10445.2	14830.6	10968.8	4385.4	0.451	19
Pre-Lockdown	8373.6	14828.3	11132.8	6454.7	1.182	352
Pre-Lockdown	3529.4	14823.5	9375	11294.1	3.913	1079
Lockdown	6461.5	14823.5	6937.5	8362	0.477	29
Pre-Lockdown	2646.4	14819.6	13183.6	12173.2	0.588	230
Lockdown	8517.6	14817	10125	6299.4	0.465	27
Lockdown	8555.1	14791.8	10875	6236.7	0.125	0
Lockdown	6099.7	14790.7	7875	8691	0.938	30
Lockdown	7090.9	14766.2	9375	7675.3	0.714	57
Lockdown	7340.2	14762.9	9562.5	7422.7	1.184	72
Pre-Lockdown	4026.1	14762.3	12695.3	10736.2	1.217	666
Lockdown	4965.3	14760	6750	9794.6	1.414	117
Lockdown	7454.8	14757.5	14718.8	7302.7	0.976	101
Lockdown	11125	14750	13406.2	3625	0.733	60
Pre-Lockdown	4794	14737.2	13183.6	9943.2	0.733	336
Pre-Lockdown	2532	14731.4	9277.3	12199.4	0.849	410
Pre-Lockdown	5313	14731.4	7324.2	9418.4	0.807	456
Pre-Lockdown	4270	14731.4	12207	10461.4	0.395	188
Pre-Lockdown	2166.4	14731.4	7812.5	12565	0.48	290
Pre-Lockdown	5754.4	14731.4	10253.9	8976.9	0.564	319
Pre-Lockdown	8746.8	14731.4	10253.9	5984.6	0.374	211
Pre-Lockdown	4386	14724.3	10742.2	10338.3	1.198	539
Pre-Lockdown	8604.8	14723.8	11625	6119	0.793	336
Lockdown	6497.2	14718.2	9937.5	8221	1.238	97
Lockdown	3535.9	14718.2	10406.2	11182.3	0.857	25
Pre-Lockdown	6459.3	14712.9	11132.8	8253.6	0.673	187
Lockdown	4585.7	14700	7593.8	10114.3	0.864	55
Lockdown	6476.9	14683.9	13031.2	8207	1.435	72
Lockdown	8359.6	14677.4	13875	6317.8	0.522	28
Pre-Lockdown	2846.7	14671.3	4687.5	11824.6	1.086	226
Lockdown	6139.5	14671.1	8062.5	8531.6	1.33	99
Lockdown	6099.7	14671.1	14625	8571.4	1.014	68
Lockdown	7041.7	14666.7	11531.2	7625	1.155	100
Lockdown	7750	14666.7	9000	6916.7	1.455	154
Pre-Lockdown	5233.5	14653.9	14355.5	9420.4	2.23	773
Lockdown	6663.3	14645.4	11343.8	7982.1	0.914	85
Lockdown	8874.8	14633.3	14437.5	5758.5	0.964	26
Lockdown	3667.8	14631.2	7968.8	10963.5	1.275	32
Pre-Lockdown	3552.3	14626.9	11718.8	11074.6	0.566	248
Lockdown	5493.5	14610.4	6656.2	9116.9	1.714	82
Lockdown	10019.4	14601.9	11250	4582.5	1.425	131
Pre-Lockdown	8193.3	14599	8203.1	6405.7	1.439	430
Pre-Lockdown	4777.7	14598.7	8300.8	9821	0.731	400
Pre-Lockdown	2973.3	14596.2	9765.6	11622.9	1.214	170
Pre-Lockdown	5091.2	14574.7	8812.5	9483.5	2.522	361
Pre-Lockdown	4776.1	14567.2	7875	9791	0.976	403
Pre-Lockdown	5756.9	14552.2	13476.6	8795.3	0.1	13
Lockdown	2573	14550.8	7593.8	11977.8	0.991	44
Pre-Lockdown	4218.2	14545.5	9750	10327.3	0.914	143
Lockdown	6463.1	14541.9	10312.5	8078.8	1.172	35
Lockdown	7791.7	14541.7	9375	6750	1.268	127
Pre-Lockdown	12640.9	14541.4	13875	1900.6	0.918	32
Pre-Lockdown	5984.6	14534	6750	8549.4	0.829	299
Pre-Lockdown	4398	14532.5	12000	10134.5	0.8	249
Lockdown	7454.8	14529.3	11531.2	7074.5	1.366	63
Pre-Lockdown	3446.9	14526.2	7324.2	11079.3	1.571	490
Lockdown	9821.3	14515.2	14250	4694	0.821	76
Lockdown	2152.8	14511.6	2156.2	12358.8	1.919	133
Pre-Lockdown	4910.5	14508.2	5371.1	9597.7	1.503	721
Lockdown	8000	14500	11156.2	6500	1.136	113
Pre-Lockdown	6134.2	14499	6347.7	8364.8	0.928	255
Lockdown	8699	14485.4	11343.8	5786.4	0.813	44
Lockdown	8469.9	14484.8	11812.5	6014.9	1.086	111
Pre-Lockdown	10017.4	14469.6	10125	4452.2	0.186	65
Pre-Lockdown	10245	14463.5	13183.6	4218.5	0.261	57
Pre-Lockdown	13348.1	14453	13781.2	1105	0.756	26
Pre-Lockdown	10651.9	14453	11953.1	3801.1	0.774	25
Lockdown	3642.9	14400	9000	10757.1	0.768	46
Pre-Lockdown	4255.3	14387	7875	10131.7	1.059	269
Lockdown	6317.9	14384.1	6843.8	8066.2	0.928	103
Lockdown	5858.6	14383.8	5906.2	8525.3	0.758	66
Lockdown	8125	14375	10406.2	6250	1.088	97
Lockdown	5697.8	14374.1	10406.2	8676.3	1.169	55
Pre-Lockdown	5176.5	14352.9	9000	9176.5	1.917	539
Lockdown	11767.2	14351.9	13968.8	2584.7	0.421	35
Lockdown	5664.3	14349.7	9000	8685.3	0.838	19
Lockdown	9242.5	14339.1	10031.2	5096.7	0.422	21
Lockdown	4714.3	14337.7	11437.5	9623.4	1	28
Lockdown	5298.7	14337.7	11812.5	9039	1.476	53
Lockdown	5805.2	14337.7	7593.8	8532.5	1.51	52
Lockdown	8391.8	14334.7	11156.2	5942.9	0.725	52
Lockdown	6416.7	14333.3	9187.5	7916.7	1.628	93
Pre-Lockdown	10882.6	14333.2	13671.9	3450.6	1.145	475
Pre-Lockdown	3185.2	14333.2	6835.9	11148	1.204	542
Lockdown	7208.6	14330.9	11062.5	7122.3	0.82	60
Pre-Lockdown	5614	14315.8	8250	8701.8	0.742	101
Pre-Lockdown	9200.9	14312.5	11062.5	5111.6	0.756	134
Lockdown	2352.2	14312.3	2437.5	11960.1	3.04	206
Pre-Lockdown	4943.1	14308.9	8250	9365.9	1.014	199
Lockdown	5035	14307.7	9843.8	9272.7	0.771	65
Pre-Lockdown	6803.6	14305	11132.8	7501.4	1.066	344
Pre-Lockdown	8000	14303	10125	6303	1.566	477
Pre-Lockdown	8269.9	14300.1	9375	6030.1	0.949	295
Pre-Lockdown	4177.6	14291.6	6835.9	10114	1.268	694
Lockdown	3061	14284.7	11437.5	11223.7	1.677	140
Pre-Lockdown	6378.5	14275.8	12207	7897.2	2.07	637
Lockdown	10403.9	14266	12187.5	3862.1	0.653	36
Pre-Lockdown	8145.9	14255.3	10875	6109.4	0.897	297
Pre-Lockdown	10424.2	14254.5	14015.6	3830.3	0.087	0
Lockdown	9087.4	14252.4	10875	5165	0.832	51
Pre-Lockdown	1846.9	14247.7	10742.2	12400.8	2.146	998
Pre-Lockdown	4239.7	14233.4	13875	9993.7	0.776	354
Lockdown	5302.3	14232.6	11156.2	8930.2	1.596	92
Pre-Lockdown	12508.3	14232	13593.8	1723.8	0.872	34
Pre-Lockdown	7926.4	14226.8	11062.5	6300.4	0.22	26
Lockdown	8247.4	14226.8	10968.8	5979.4	0.924	105
Pre-Lockdown	7528.3	14220.2	11230.5	6691.9	1.456	776
Pre-Lockdown	5855.4	14220.2	7324.2	8364.8	0.769	278
Lockdown	9669.3	14215.1	11437.5	4545.7	0.261	17
Pre-Lockdown	5427.4	14214.5	8300.8	8787.1	0.638	276
Lockdown	3719.4	14212.1	9187.5	10492.7	0.75	49
Lockdown	6750	14208.3	8812.5	7458.3	1.417	34
Pre-Lockdown	6026.5	14205.2	9207.6	8178.7	0.763	126
Pre-Lockdown	5806.5	14193.7	9765.6	8387.2	0.298	149
Lockdown	3707.6	14192.7	9750	10485	0.828	49
Pre-Lockdown	7092.2	14184.4	10500	7092.2	0.414	145
Lockdown	6233.8	14181.8	7031.2	7948.1	0.86	37
Pre-Lockdown	4691.9	14175.4	10125	9483.5	1.38	245
Lockdown	8666.7	14166.7	10875	5500	0.889	98
Lockdown	7281.4	14155.9	11156.2	6874.6	0.505	12
Lockdown	5654.2	14155.9	7875	8501.7	1.349	91
Pre-Lockdown	10576.8	14152.1	11132.8	3575.3	0.749	225
Lockdown	9242.5	14149	9375	4906.5	1.097	68
Lockdown	6762.4	14143.6	7781.2	7381.2	0.576	18
Lockdown	4575.5	14115.1	10406.2	9539.6	1.074	71
Lockdown	4225.9	14113	11062.5	9887	1.611	147
Pre-Lockdown	8290.9	14109.1	9562.5	5818.2	0.286	2
Lockdown	4909.1	14103.9	7593.8	9194.8	1.022	58
Lockdown	6077.9	14103.9	7125	8026	1.812	81
Pre-Lockdown	9470.2	14100	10253.9	4629.9	1.064	393
Pre-Lockdown	8994.4	14085.6	13875	5091.2	1.395	354
Pre-Lockdown	7365.7	14081.5	13671.9	6715.8	1.015	494
Lockdown	4291.4	14066.2	10218.8	9774.8	1.285	108
Lockdown	6740.3	14064.9	7406.2	7324.7	1.501	37
Pre-Lockdown	5090.9	14060.6	11250	8969.7	0.787	187
Pre-Lockdown	5575.8	14060.6	8250	8484.8	1.283	530
Lockdown	5824.2	14058.5	7031.2	8234.2	1.245	96
Lockdown	6143.6	14055.2	9750	7911.6	0.749	39
Pre-Lockdown	4111.2	14054.5	7781.2	9943.3	1.663	131
Lockdown	6914.6	14048.8	9937.5	7134.1	0.25	13
Pre-Lockdown	3740.1	14025.3	6000	10285.2	0.703	199
Pre-Lockdown	4231.7	14025.2	6000	9793.5	2.108	291
Pre-Lockdown	3832.1	14014.4	8625	10182.3	0.81	61
Lockdown	6983.4	14011	10125	7027.6	0.854	37
Lockdown	6411.9	14008.6	10593.8	7596.7	1.331	65
Lockdown	6916.7	14000	10875	7083.3	0.644	68
Pre-Lockdown	4665.7	13997	13671.9	9331.3	1.801	846
Lockdown	9284.1	13983.9	11625	4699.8	0.19	5
Pre-Lockdown	6079	13981.7	13875	7902.7	0.507	147
Lockdown	5167.5	13971.3	5906.2	8803.8	0.584	32
Pre-Lockdown	4162.3	13956.1	11230.5	9793.8	1.229	631
Pre-Lockdown	2537.5	13956.1	6347.7	11418.6	2.405	992
Lockdown	3388.7	13953.5	11156.2	10564.8	4.259	233
Lockdown	4458.4	13950.4	7781.2	9492	0.543	36
Lockdown	4441.6	13948.1	7406.2	9506.5	2.491	97
Lockdown	6796.1	13941.7	11531.2	7145.6	0.628	38
Lockdown	8893.2	13941.7	11156.2	5048.5	0.781	41
Lockdown	9320.4	13941.7	10687.5	4621.4	0.746	34
Pre-Lockdown	5018.9	13941.4	13671.9	8922.5	0.838	459
Pre-Lockdown	6004.6	13930.8	12207	7926.2	2.986	1366
Pre-Lockdown	4133.9	13924.6	6937.5	9790.7	0.495	109
Lockdown	5828.3	13919.3	8156.2	8091	1.112	60
Pre-Lockdown	8145.9	13915.9	11625	5770	0.839	250
Lockdown	3309	13913.6	13312.5	10604.7	3.669	151
Lockdown	4903.7	13913.6	10500	9010	1.454	44
Pre-Lockdown	11130.4	13913	13875	2782.6	0.312	126
Pre-Lockdown	7769.7	13903.6	7875	6133.9	0.327	76
Pre-Lockdown	5922.9	13896.1	13671.9	7973.2	0.804	435
Pre-Lockdown	3872.7	13896.1	7812.5	10023.4	1.652	749
Pre-Lockdown	5555.6	13888.9	11718.8	8333.3	0.207	108
Lockdown	4214.4	13885.4	12375	9671	1.585	67
Pre-Lockdown	5113.6	13879.9	7910.2	8766.2	0.877	244
Lockdown	6276.2	13878.5	10312.5	7602.2	0.772	49
Lockdown	3428.6	13873.8	11343.8	10445.2	1.023	66
Pre-Lockdown	4615.6	13846.7	9277.3	9231.2	1.834	766
Pre-Lockdown	3653.8	13846.2	6835.9	10192.3	0.764	365
Pre-Lockdown	3927.1	13838.3	10875	9911.2	1.068	146
Lockdown	6500	13833.3	10968.8	7333.3	1.417	53
Lockdown	8706.3	13829.9	11531.2	5123.6	0.245	18
Lockdown	5253.6	13825.3	10500	8571.7	1.536	155
Pre-Lockdown	6379.9	13823.1	9082	7443.2	0.092	15
Pre-Lockdown	7723.1	13820.3	11437.5	6097.2	0.21	24
Pre-Lockdown	8129.6	13820.3	11250	5690.7	0.215	28
Pre-Lockdown	7757.6	13818.2	9375	6060.6	0.185	2
Lockdown	4401.9	13818.2	7781.2	9416.3	0.527	26
Lockdown	7946.8	13817	11625	5870.2	0.328	7
Pre-Lockdown	3947.4	13815.8	7910.2	9868.4	1.513	478
Pre-Lockdown	6677.4	13810.2	12765	7132.8	1.55	211
Pre-Lockdown	4097.5	13810.2	6696.4	9712.7	0.676	117
Pre-Lockdown	1917.2	13803.7	8789.1	11886.5	1.295	679
Pre-Lockdown	6713.6	13800.2	7500	7086.6	1.63	157
Lockdown	12266.2	13799.5	13125	1533.3	0.552	44
Lockdown	3637.7	13796.7	12093.8	10159	1.232	111
Lockdown	6343.8	13796.7	6375	7452.9	1.474	126
Lockdown	6099.4	13790.1	7687.5	7690.6	0.782	28
Lockdown	3945.8	13789.8	7031.2	9844.1	0.661	67
Pre-Lockdown	8097.6	13783.2	8250	5685.6	0.673	218
Pre-Lockdown	6534.1	13781	9277.3	7246.9	0.293	137
Pre-Lockdown	3789.5	13754.4	6187.5	9964.9	2.129	404
Lockdown	3867.1	13754.2	5531.2	9887	0.324	11
Pre-Lockdown	12685.1	13745.9	13359.4	1060.8	0.26	3
Lockdown	4419.9	13745.9	9937.5	9326	0.9	60
Pre-Lockdown	3628.8	13737.8	9277.3	10108.9	1.011	277
Lockdown	3164	13736.3	7031.2	10572.3	1.307	59
Pre-Lockdown	6088.5	13734.5	9187.5	7646	1.147	191
Lockdown	4041.2	13732	10406.2	9690.7	1.043	118
Pre-Lockdown	4085.5	13723.1	7218.8	9637.6	0.925	50
Lockdown	5532.5	13714.3	7218.8	8181.8	1.123	10
Lockdown	5493.5	13714.3	6656.2	8220.8	1.79	77
Lockdown	3770.8	13707.9	12375	9937.2	1.461	101
Lockdown	5480.7	13701.7	9281.2	8221	0.96	48
Lockdown	4409.7	13696.7	9093.8	9287	1.006	30
Pre-Lockdown	4083.2	13690.6	7812.5	9607.4	0.129	57
Pre-Lockdown	4150.8	13673.3	12207	9522.5	1.227	444
Pre-Lockdown	7325	13673.3	13671.9	6348.3	0.566	276
Pre-Lockdown	7127.3	13672.7	8625	6545.4	0.407	68
Lockdown	5373.4	13671.7	7125	8298.2	1.189	97
Lockdown	6214.3	13671.4	9093.8	7457.1	0.192	9
Lockdown	3815.2	13663.6	4406.2	9848.4	0.933	101
Lockdown	7027.6	13657.5	9937.5	6629.8	0.748	34
Pre-Lockdown	4699.1	13649.8	7812.5	8950.7	0.6	336
Pre-Lockdown	5411.8	13647.1	5625	8235.3	1.361	390
Pre-Lockdown	2352.9	13647.1	9750	11294.1	1.908	461
Pre-Lockdown	5531	13643.1	8300.8	8112.1	0.95	448
Lockdown	6388.5	13640.3	8812.5	7251.8	0.931	50
Lockdown	9053	13637.2	11343.8	4584.3	0.185	3
Lockdown	8893.2	13631.1	11250	4737.9	0.727	54
Lockdown	4388.3	13631.1	6000	9242.7	1.319	92
Lockdown	5979.7	13627.1	9000	7647.5	1.302	87
Lockdown	7672	13625.6	10406.2	5953.5	0.4	24
Pre-Lockdown	2003.2	13621.8	11718.8	11618.6	1.937	843
Lockdown	4147.6	13617.9	9937.5	9470.3	1.006	84
Lockdown	5743.3	13616.5	8812.5	7873.2	0.764	50
Pre-Lockdown	3789.5	13614	8062.5	9824.5	0.849	124
Pre-Lockdown	5665.9	13598.2	8789.1	7932.3	0.717	807
Lockdown	6657.8	13594.7	7500	6936.9	0.522	34
Pre-Lockdown	2364.1	13593.4	7812.5	11229.3	1.254	710
Lockdown	7281.6	13583.7	7500	6302	1.087	92
Pre-Lockdown	5575.8	13575.8	12375	8000	1.225	351
Pre-Lockdown	3636.4	13575.8	10500	9939.4	1.37	542
Lockdown	6762.4	13569.1	7968.8	6806.6	0.623	32
Lockdown	5766.2	13558.4	8812.5	7792.2	1.641	30
Lockdown	4265.8	13554.8	6187.5	9289	1.361	60
Pre-Lockdown	4663.7	13547	7812.5	8883.3	0.1	27
Pre-Lockdown	3829.8	13531.9	5250	9702.1	1.4	513
Pre-Lockdown	3319.1	13531.9	5250	10212.8	1.401	470
Lockdown	8821.8	13521.7	10125	4699.8	0.19	12
Lockdown	8653.1	13518.4	12000	4865.3	0.155	0
Lockdown	8705.5	13497.5	11343.8	4792	0.271	5
Lockdown	5988.9	13486.1	9187.5	7497.2	0.56	45
Lockdown	6033.3	13486.1	12656.2	7452.9	0.812	56
Pre-Lockdown	4924.9	13478.6	7324.2	8553.7	1.418	583
Lockdown	10798	13477.8	12562.5	2679.8	0.244	6
Lockdown	3428.6	13475.1	7875	10046.5	1.825	116
Lockdown	8105.3	13473.7	9750	5368.4	0.852	33
Pre-Lockdown	8081.6	13469.4	8250	5387.8	0.427	146
Lockdown	11144.2	13464.3	12750	2320.1	1.025	74
Lockdown	4347.5	13441.8	9562.5	9094.3	1.151	65
Pre-Lockdown	6818.2	13441.6	8789.1	6623.4	0.766	222
Pre-Lockdown	11668.5	13436.5	12656.2	1768	1.328	44
Pre-Lockdown	4475.4	13426.1	7324.2	8950.7	1.088	541
Lockdown	8665.6	13417.6	9843.8	4752.1	0.311	9
Pre-Lockdown	8145.9	13406.7	9375	5260.9	1.683	191
Lockdown	6581.3	13399	6843.8	6817.7	0.994	89
Lockdown	9256.1	13390.2	12187.5	4134.1	0.229	11
Pre-Lockdown	6692.6	13385.2	10875	6692.6	1.073	301
Lockdown	3640.2	13375.7	7593.8	9735.4	1.118	115
Lockdown	6333.3	13375	9093.8	7041.7	1.866	105
Pre-Lockdown	4660.6	13373.8	11250	8713.2	0.797	194
Lockdown	2935.3	13338.1	7968.8	10402.9	1.057	47
Pre-Lockdown	6753.6	13334	7500	6580.4	0.956	360
Pre-Lockdown	6407.3	13334	10125	6926.8	0.749	251
Pre-Lockdown	5894.7	13333.3	10687.5	7438.6	0.48	19
Lockdown	9053	13329.1	9375	4276.1	0.194	12
Lockdown	3069.8	13315.6	4968.8	10245.8	0.579	37
Lockdown	2706.1	13308.7	12375	10602.6	1.23	133
Pre-Lockdown	5023.6	13297.9	10253.9	8274.3	0.39	189
Pre-Lockdown	2658.6	13292.9	9750	10634.3	0.524	203
Lockdown	6583.3	13291.7	9187.5	6708.3	1.057	45
Lockdown	7207.8	13285.7	8718.8	6077.9	1.266	12
Lockdown	9064	13280.8	11906.2	4216.7	0.222	4
Lockdown	6603.6	13278.2	6750	6674.6	0.487	30
Lockdown	1116.3	13275.7	10593.8	12159.5	2.495	82
Lockdown	6912.7	13272.3	7031.2	6359.6	1.748	89
Lockdown	7347.8	13257.9	10125	5910.1	0.332	12
Lockdown	6014.9	13257.3	13125	7242.4	1.739	172
Lockdown	9515.2	13252	11531.2	3736.8	0.15	3
Lockdown	9130	13252	10312.5	4122	0.166	8
Lockdown	4714.3	13242.9	10031.2	8528.6	0.626	42
Pre-Lockdown	8392	13240.8	10312.5	4848.7	0.207	36
Pre-Lockdown	4751.5	13236.4	6468.8	8484.8	2.52	67
Pre-Lockdown	6121.1	13221.5	10742.2	7100.4	1.61	424
Pre-Lockdown	7289.8	13212.7	7812.5	5922.9	1.09	583
Lockdown	4148.1	13206.3	9843.8	9058.2	0.586	55
Lockdown	4424.1	13203.2	6937.5	8779.1	0.914	65
Pre-Lockdown	6200	13200	9082	7000	0.431	141
Pre-Lockdown	3980.7	13199.3	10312.5	9218.6	0.883	19
Pre-Lockdown	2823.5	13176.5	6000	10352.9	0.593	132
Pre-Lockdown	5411.8	13176.5	13125	7764.7	1.015	372
Pre-Lockdown	6889.5	13171.2	9375	6281.6	0.29	84
Pre-Lockdown	3444.8	13171.2	12000	9726.4	1.073	247
Pre-Lockdown	7142.5	13169	7812.5	6026.5	0.944	520
Lockdown	4976.1	13167.5	6562.5	8191.4	0.993	60
Lockdown	5749.2	13157.6	11812.5	7408.4	0.772	31
Pre-Lockdown	4629.6	13148.1	8203.1	8518.5	1.129	201
Pre-Lockdown	3196	13139.2	9765.6	9943.2	1.798	889
Pre-Lockdown	3906.2	13139.2	10742.2	9233	1.308	656
Pre-Lockdown	3722.6	13138.5	11437.5	9415.9	0.762	159
Lockdown	4441.6	13129.9	6937.5	8688.3	1.736	113
Lockdown	10291.3	13126.2	12093.8	2835	1.167	109
Pre-Lockdown	3913	13120.1	7324.2	9207.1	0.869	416
Lockdown	2996.9	13102.5	5812.5	10105.7	2.344	163
Lockdown	9361.2	13097.9	11437.5	3736.8	0.176	11
Pre-Lockdown	6060.6	13090.9	10500	7030.3	0.783	243
Pre-Lockdown	3636.4	13090.9	12375	9454.5	0.486	147
Pre-Lockdown	4769.2	13076.9	8062.5	8307.7	0.376	42
Lockdown	8531.6	13076.4	9375	4544.9	0.13	5
Lockdown	6751.4	13073.2	7125	6321.8	1.38	69
Pre-Lockdown	4242.6	13067.3	10500	8824.7	1.132	366
Pre-Lockdown	4850.7	13059.7	11718.8	8209	0.488	209
Lockdown	9053	13059.4	10968.8	4006.4	0.199	10
Pre-Lockdown	6045.3	13057.9	11250	7012.6	0.469	83
Lockdown	7210.5	13052.6	12187.5	5842.1	0.629	32
Pre-Lockdown	5170.3	13049	10253.9	7878.7	0.835	376
Lockdown	4912.8	13047	10781.2	8134.2	1.129	56
Lockdown	9694.6	13044.3	11906.2	3349.8	0.258	5
Pre-Lockdown	4782.6	13043.5	9960.9	8260.9	1.252	337
Lockdown	7871.4	13041.8	11718.8	5170.4	0.683	40
Pre-Lockdown	6237.8	13026.1	10500	6788.2	1.161	457
Pre-Lockdown	1276.6	13021.3	9000	11744.7	0.839	252
Lockdown	9281.6	13009.7	10406.2	3728.2	0.93	85
Pre-Lockdown	5635.8	13005.8	10253.9	7370	0.143	33
Lockdown	5900.2	12998.2	11343.8	7098	1.275	72
Lockdown	3109.6	12996.7	8531.2	9887	0.963	36
Lockdown	6408.8	12994.5	9468.8	6585.6	0.716	66
Pre-Lockdown	9811.1	12993.1	10875	3182	0.727	116
Lockdown	6257.7	12991.5	6562.5	6733.8	1.966	74
Pre-Lockdown	3636.5	12987.7	6750	9351.1	0.4	158
Pre-Lockdown	3183.7	12979.6	12375	9795.9	1.251	433
Pre-Lockdown	9674.3	12972.4	10253.9	3298.1	1.749	948
Lockdown	8854.4	12970.9	11437.5	4116.5	0.394	15
Pre-Lockdown	5043.9	12970	12695.3	7926.1	2.361	1038
Pre-Lockdown	7812.5	12961.6	10742.2	5149.1	1.097	251
Lockdown	5412.2	12953.8	10218.8	7541.6	1.348	140
Pre-Lockdown	4610.5	12948.6	9562.5	8338.1	0.897	184
Lockdown	8475.1	12943.8	10968.8	4468.7	0.257	12
Lockdown	8505.8	12938.4	9562.5	4432.6	0.255	8
Lockdown	5705	12926.5	6562.5	7221.5	1.642	106
Pre-Lockdown	3923.2	12923.6	5371.1	9000.4	1.869	933
Lockdown	10316.7	12923.1	12000	2606.3	0.238	2
Lockdown	3747.5	12916.9	7875	9169.4	1.434	69
Lockdown	3752.6	12907.2	9093.8	9154.6	0.917	81
Lockdown	8667.7	12905.3	11625	4237.6	0.227	12
Pre-Lockdown	5610.1	12903.2	9375	7293.1	0.849	174
Lockdown	8145.9	12897.6	11156.2	4751.8	2.317	143
Pre-Lockdown	1671.6	12895.5	11250	11223.9	0.549	215
Pre-Lockdown	8746.8	12890	8789.1	4143.2	0.811	395
Lockdown	4308.7	12885.9	10687.5	8577.2	1.479	101
Pre-Lockdown	6285.4	12885.1	9000	6599.7	0.868	80
Pre-Lockdown	6799.1	12869.7	7324.2	6070.6	0.864	429
Pre-Lockdown	8016.1	12868	8300.8	4851.9	1.466	503
Pre-Lockdown	8578.5	12867.8	12375	4289.3	0.328	48
Lockdown	10438.1	12857.5	11625	2419.4	0.305	13
Lockdown	3986.6	12845.6	10125	8859.1	0.996	63
Lockdown	7804.2	12839.2	8531.2	5035	0.486	35
Lockdown	6299	12837.2	8718.8	6538.2	1.603	150
Pre-Lockdown	4835.4	12832.5	10500	7997.1	1.029	418
Lockdown	6681.3	12828.1	11343.8	6146.8	0.808	66
Lockdown	11477.4	12827.7	12093.8	1350.3	0.555	26
Lockdown	5575.5	12823.8	6937.5	7248.2	0.543	44
Lockdown	11457	12814.5	12093.8	1357.5	0.159	3
Pre-Lockdown	8332.9	12804.1	9937.5	4471.2	1.083	225
Pre-Lockdown	3572.8	12802.4	7500	9229.6	2.415	402
Pre-Lockdown	4730.4	12800	10500	8069.6	1.652	682
Lockdown	7334.7	12799.8	7968.8	5465.1	0.655	51
Lockdown	8667.7	12789.7	10968.8	4122	0.24	6
Lockdown	5626.8	12784.7	8343.8	7157.9	1.054	103
Pre-Lockdown	4103.5	12784.1	10253.9	8680.6	1.703	842
Pre-Lockdown	3466.2	12781.6	12695.3	9315.4	3.083	1304
Pre-Lockdown	8799.6	12780.3	9937.5	3980.7	0.346	19
Lockdown	7547.5	12760.2	12281.2	5212.7	1.384	107
Pre-Lockdown	6816	12752.5	8789.1	5936.5	0.129	61
Lockdown	6791.7	12750	8437.5	5958.3	0.863	72
Lockdown	6565.6	12732	9093.8	6166.4	0.418	29
Lockdown	7098	12732	9000	5634	0.452	27
Lockdown	9010	12717.6	9562.5	3707.6	0.116	9
Lockdown	8860.4	12712.7	11343.8	3852.3	0.231	11
Pre-Lockdown	5882.4	12705.9	6000	6823.5	1.493	424
Pre-Lockdown	6257.3	12704.2	11250	6446.9	0.811	288
Pre-Lockdown	3461.7	12692.8	11230.5	9231.2	2.322	1250
Pre-Lockdown	3230.9	12692.8	4882.8	9461.9	2.083	906
Pre-Lockdown	5037.3	12686.6	11718.8	7649.3	1.151	488
Lockdown	3123.8	12685.7	4125	9561.9	1.239	114
Pre-Lockdown	8383	12676.8	10500	4293.8	1.459	263
Pre-Lockdown	4295	12675.5	10125	8380.5	0.971	80
Pre-Lockdown	3534	12663.5	4875	9129.5	1.058	423
Pre-Lockdown	2626.9	12656.7	7125	10029.9	0.439	112
Lockdown	3745	12644.3	7687.5	8899.3	1.03	54
Lockdown	9784.9	12635.6	12000	2850.7	0.212	11
Lockdown	4246.8	12623.4	10875	8376.6	0.984	21
Pre-Lockdown	4153.8	12615.4	6000	8461.6	0.635	126
Pre-Lockdown	6923.1	12615.4	9375	5692.3	1.249	262
Pre-Lockdown	4153.8	12615.4	6750	8461.6	0.921	212
Lockdown	6411.9	12614.7	6843.8	6202.8	0.9	88
Lockdown	8591.1	12610.8	11437.5	4019.7	0.681	29
Pre-Lockdown	7812.5	12606.5	7812.5	4794	0.444	178
Pre-Lockdown	5333.3	12606.1	7500	7272.7	1.78	623
Pre-Lockdown	7515.2	12606.1	12000	5090.9	1.356	315
Lockdown	3865.8	12604	7312.5	8738.3	1.58	98
Pre-Lockdown	6706.9	12600.9	10125	5894	0.342	56
Lockdown	9289	12598	9937.5	3309	0.074	2
Lockdown	9209.3	12598	11343.8	3388.7	0.263	5
Lockdown	8821.8	12597.1	11718.8	3775.3	0.164	4
Lockdown	6389.6	12584.4	6937.5	6194.8	1.057	38
Lockdown	5713.5	12583.4	6468.8	6869.8	0.684	64
Pre-Lockdown	5463.7	12583.1	7125	7119.4	0.511	170
Pre-Lockdown	3593	12575.6	6347.7	8982.6	1.381	665
Lockdown	5087.5	12573.5	6375	7485.9	0.974	71
Pre-Lockdown	6413	12547.2	8789.1	6134.2	0.897	498
Lockdown	6958.3	12541.7	9187.5	5583.3	0.442	28
Lockdown	7365.2	12520.8	12187.5	5155.6	0.637	62
Lockdown	9130	12520.1	11343.8	3390	0.199	6
Pre-Lockdown	4048.2	12516.4	8859.4	8468.2	1.795	37
Pre-Lockdown	3345.5	12509.1	6937.5	9163.6	0.849	106
Pre-Lockdown	3544.8	12500	8789.1	8955.2	1.373	508
Pre-Lockdown	3358.2	12500	10742.2	9141.8	1.663	666
Lockdown	8860.4	12481.5	12093.8	3621.2	0.22	12
Lockdown	7940.9	12465.8	12187.5	4525	1.22	96
Pre-Lockdown	4955.8	12460.2	8625	7504.4	0.476	84
Pre-Lockdown	3617.2	12459.4	12137.2	8842.2	1.454	318
Lockdown	6393.7	12447.3	11531.2	6053.6	1.011	70
Pre-Lockdown	6086.6	12437.9	11230.5	6351.3	0.181	76
Pre-Lockdown	6487.2	12433.8	9765.6	5946.6	0.495	236
Pre-Lockdown	5063.9	12429.6	7324.2	7365.7	1.521	299
Pre-Lockdown	3682.8	12429.6	10253.9	8746.8	0.728	226
Lockdown	3829.9	12414.3	4406.2	8584.3	1.049	93
Lockdown	5924	12405.6	7500	6481.6	1.172	108
Lockdown	5436.2	12405.6	11531.2	6969.4	0.894	42
Lockdown	9784.9	12404.5	11812.5	2619.6	0.229	12
Pre-Lockdown	8858.3	12401.6	11812.5	3543.3	0.262	42
Pre-Lockdown	6887.4	12397.3	8789.1	5509.9	0.68	382
Pre-Lockdown	1212.1	12363.6	7500	11151.5	1.347	577
Pre-Lockdown	5447.3	12361.3	7593.8	6913.9	3.215	231
Pre-Lockdown	7294.8	12360.6	11250	5065.8	0.99	359
Pre-Lockdown	3141.8	12357.6	9033.2	9215.8	0.339	161
Pre-Lockdown	5369.9	12350.8	7617.2	6980.9	0.793	201
Pre-Lockdown	5011.9	12350.8	9960.9	7338.9	0.998	150
Lockdown	6342.2	12335.9	6843.8	5993.7	0.761	80
Pre-Lockdown	4339.5	12333.3	7812.5	7993.8	0.966	416
Pre-Lockdown	3654.3	12333.3	9765.6	8679	0.961	404
Pre-Lockdown	2055.5	12333.3	12207	10277.8	0.617	316
Pre-Lockdown	6250	12331.1	8300.8	6081.1	0.631	348
Lockdown	3428.6	12318.9	6093.8	8890.4	0.925	17
Lockdown	8691	12318.9	10593.8	3627.9	0.296	9
Pre-Lockdown	4389.4	12318.6	8250	7929.2	1.795	329
Pre-Lockdown	3269.2	12307.7	12207	9038.5	0.722	341
Lockdown	3073.4	12293.6	8625	9220.2	0.742	42
Lockdown	9130	12288.9	11718.8	3158.9	0.196	9
Pre-Lockdown	4259.5	12287	6696.4	8027.5	0.987	232
Lockdown	4784.1	12279.1	6093.8	7495	1.312	82
Lockdown	6559.5	12270.1	8437.5	5710.6	0.407	20
Pre-Lockdown	5929.5	12267.9	7500	6338.4	0.827	363
Pre-Lockdown	3722.6	12262.6	7312.5	8540	0.666	118
Pre-Lockdown	7018.7	12256.5	9750	5237.8	0.668	74
Pre-Lockdown	2451.3	12256.5	9937.5	9805.2	0.729	62
Lockdown	10884.1	12244.6	11812.5	1360.5	0.305	12
Lockdown	8691	12239.2	10593.8	3548.2	0.351	12
Pre-Lockdown	8158.9	12238.4	8300.8	4079.5	1.197	682
Lockdown	5184.5	12235.4	7875	7050.9	1.218	125
Pre-Lockdown	8888.9	12222.2	10253.9	3333.3	0.414	122
Lockdown	7188	12219.6	9843.8	5031.6	0.55	26
Pre-Lockdown	4072.9	12218.8	7125	8145.9	0.927	267
Lockdown	8036.2	12217.2	11343.8	4181	0.867	66
Lockdown	4343.9	12217.2	4500	7873.3	1.39	134
Lockdown	6711.9	12203.4	11625	5491.5	0.576	36
Lockdown	6046.1	12202.8	9375	6156.7	0.949	108
Pre-Lockdown	7132.1	12199.7	9277.3	5067.6	0.837	406
Lockdown	5621.3	12199.3	11437.5	6578.1	0.441	14
Lockdown	3627.9	12199.3	11437.5	8571.4	0.301	12
Pre-Lockdown	3373	12194.6	7500	8821.6	0.973	187
Pre-Lockdown	7851.2	12190.1	9668	4338.9	0.281	73
Pre-Lockdown	6220.9	12182.6	11230.5	5961.7	1.111	382
Lockdown	8266.2	12179.7	9375	3913.5	0.387	30
Lockdown	8457.1	12179.6	8812.5	3722.4	0.073	0
Lockdown	10751.1	12162.9	11343.8	1411.8	0.172	5
Lockdown	4784.1	12159.5	7781.2	7375.4	0.544	32
Lockdown	5634	12155.3	9843.8	6521.3	0.436	15
Pre-Lockdown	4488.1	12155.2	10875	7667.1	0.195	47
Lockdown	3858.5	12154.3	11718.8	8295.8	2.057	146
Pre-Lockdown	8092	12137.9	9843.8	4046	0.245	8
Lockdown	4757.1	12128.6	8343.8	7371.4	0.663	47
Pre-Lockdown	2985.1	12126.9	8789.1	9141.8	0.493	210
Pre-Lockdown	3233.7	12126.5	10253.9	8892.7	0.122	27
Lockdown	5166.7	12125	8906.2	6958.3	0.747	35
Pre-Lockdown	5090.9	12121.2	8625	7030.3	0.8	309
Lockdown	4829.3	12107.3	7500	7278	1.058	61
Lockdown	6053.6	12107.3	6281.2	6053.6	1.002	79
Lockdown	6869.8	12107.3	8718.8	5237.4	0.824	63
Pre-Lockdown	5393.4	12088.6	7875	6695.2	0.588	183
Lockdown	4436.2	12066.5	6937.5	7630.3	0.431	24
Lockdown	3724.9	12063.5	4687.5	8338.6	1.045	82
Lockdown	9882.4	12054.3	11343.8	2171.9	0.238	13
Lockdown	4343.9	12054.3	6843.8	7710.4	1.033	85
Lockdown	3615	12050.1	6656.2	8435.1	1.351	74
Pre-Lockdown	5162.9	12046.7	8625	6883.8	0.305	94
Pre-Lockdown	2936.5	12039.6	7324.2	9103.1	0.729	323
Lockdown	5645.5	12039.2	6093.8	6393.7	0.721	77
Pre-Lockdown	3072	12032	5250	8960	0.135	65
Pre-Lockdown	5553.2	12031.9	8300.8	6478.7	0.435	242
Pre-Lockdown	7166.6	12004.1	9668	4837.5	0.408	121
Pre-Lockdown	6058.9	11999	6347.7	5940.1	0.348	197
Lockdown	5505.8	11987.4	6468.8	6481.6	2.107	248
Lockdown	8186.4	11980	9281.2	3793.7	0.311	11
Pre-Lockdown	7865.4	11969.2	10500	4103.7	0.917	370
Lockdown	5443.3	11958.8	9000	6515.5	0.535	31
Lockdown	3938.3	11958.2	8625	8019.8	1.47	109
Lockdown	6642.9	11957.1	10593.8	5314.3	0.21	10
Pre-Lockdown	5186.1	11950.5	10253.9	6764.4	0.505	270
Lockdown	5751.2	11944.7	7593.8	6193.5	0.746	78
Pre-Lockdown	5971.1	11942.2	7500	5971.1	4.206	314
Lockdown	3794.2	11934.6	6656.2	8140.4	0.74	66
Pre-Lockdown	3200	11927.3	9375	8727.3	0.804	101
Lockdown	4066.4	11920.3	8625	7853.8	0.963	45
Lockdown	2744.7	11916.2	6750	9171.5	1.324	66
Lockdown	4842.9	11914.3	9187.5	7071.4	1.692	106
Lockdown	5892.1	11907	7218.8	6014.9	0.841	92
Pre-Lockdown	6796.5	11893.8	7875	5097.3	0.907	156
Lockdown	4066.4	11880.4	7781.2	7814	0.528	38
Lockdown	7547.4	11860.2	9750	4312.8	0.351	10
Pre-Lockdown	6400.6	11859.9	9277.3	5459.3	1.442	698
Pre-Lockdown	5185.2	11851.9	9960.9	6666.7	1.048	105
Pre-Lockdown	4265.4	11848.3	11230.5	7582.9	2.069	756
Pre-Lockdown	8309.4	11845.3	9656.2	3535.9	0.543	12
Pre-Lockdown	4605.3	11842.1	10546.9	7236.8	0.77	194
Pre-Lockdown	2850.9	11842.1	11425.8	8991.2	1.548	409
Lockdown	9991	11837.1	11156.2	1846.2	0.113	7
Lockdown	5509.5	11835.2	6468.8	6325.7	0.843	98
Pre-Lockdown	4270	11824.7	9187.5	7554.6	0.888	127
Pre-Lockdown	7883.1	11824.7	10125	3941.6	0.115	4
Pre-Lockdown	3125	11805.6	11718.8	8680.6	0.376	127
Pre-Lockdown	7926.4	11787.9	9000	3861.5	0.097	13
Pre-Lockdown	5284.2	11787.9	10500	6503.7	0.486	86
Pre-Lockdown	4099.2	11785.1	7812.5	7685.9	0.825	450
Pre-Lockdown	3290.2	11775.5	8250	8485.3	0.128	41
Pre-Lockdown	3852.3	11770.8	9765.6	7918.5	0.083	33
Pre-Lockdown	4514.7	11770.6	7875	7255.8	1.08	475
Lockdown	9858.4	11759.7	11437.5	1901.3	0.583	30
Pre-Lockdown	6962.3	11748.9	9187.5	4786.6	0.205	41
Lockdown	4757.1	11742.9	7593.8	6985.7	0.804	24
Lockdown	6429.3	11740.4	8250	5311.1	0.407	18
Pre-Lockdown	3076.9	11730.8	11230.5	8653.8	1.032	487
Lockdown	8884.4	11730.2	10687.5	2845.8	0.503	13
Lockdown	4994.7	11724.9	9750	6730.2	0.412	19
Lockdown	6082.9	11723.5	7406.2	5640.6	0.524	46
Lockdown	5824.9	11723.5	10218.8	5898.6	0.673	67
Lockdown	4943.5	11720.9	11437.5	6777.4	1.113	75
Lockdown	7186.7	11711.6	10687.5	4525	0.373	36
Pre-Lockdown	1300.8	11707.3	5250	10406.5	2.384	806
Pre-Lockdown	3122	11707.3	6000	8585.4	0.897	278
Pre-Lockdown	2684	11694.8	11230.5	9010.7	1.295	716
Pre-Lockdown	3771.2	11690.8	8812.5	7919.6	0.305	30
Pre-Lockdown	8093.5	11690.6	8789.1	3597.1	0.239	74
Lockdown	6788.7	11660.6	10500	4871.9	0.666	29
Pre-Lockdown	4177.6	11653.2	8789.1	7475.6	0.725	380
Lockdown	6319.6	11645.1	11343.8	5325.5	0.964	90
Lockdown	4943.5	11641.2	7968.8	6697.7	0.981	47
Pre-Lockdown	7515.2	11636.4	7875	4121.2	1.087	331
Pre-Lockdown	6170.9	11629.7	11132.8	5458.9	0.707	59
Pre-Lockdown	6541.4	11624.3	7406.2	5082.9	0.185	7
Pre-Lockdown	5811.8	11623.7	9765.6	5811.8	0.59	319
Lockdown	7587.4	11620.6	8625	4033.3	0.275	15
Lockdown	4000	11619	9656.2	7619	0.749	57
Pre-Lockdown	4977.9	11615	6347.7	6637.2	1.056	497
Pre-Lockdown	6068.5	11609.2	10253.9	5540.7	1.12	214
Lockdown	3468.4	11601.3	7125	8132.9	1.657	144
Lockdown	6385.7	11591.3	6468.8	5205.7	0.627	52
Lockdown	5105.6	11577.4	7593.8	6471.8	1.011	16
Lockdown	5645.2	11569.3	7125	5924	0.576	50
Pre-Lockdown	5622.4	11548.7	9668	5926.3	0.065	15
Lockdown	3835.1	11546.4	6750	7711.3	0.788	73
Lockdown	8640.8	11544.1	10312.5	2903.3	0.9	56
Lockdown	7946.8	11540.8	9187.5	3594	1.45	139
Lockdown	5824.9	11539.2	10125	5714.3	0.704	73
Pre-Lockdown	6103.5	11528.9	8300.8	5425.4	0.642	226
Lockdown	8735.9	11528.5	10218.8	2792.6	0.543	41
Lockdown	8132.9	11521.6	9000	3388.7	0.113	2
Lockdown	6885.9	11516.8	8062.5	4630.9	0.476	23
Lockdown	4530.3	11505.5	8531.2	6975.2	2.088	23
Lockdown	3958.8	11505.2	6750	7546.4	0.939	91
Pre-Lockdown	3834.4	11503.1	10253.9	7668.7	0.385	215
Lockdown	5000	11500	8250	6500	0.825	68
Lockdown	8208.3	11500	9562.5	3291.7	0.467	26
Lockdown	5100	11485.7	10031.2	6385.7	1.051	31
Pre-Lockdown	5459.3	11483.4	8789.1	6024.1	0.19	80
Lockdown	7375.4	11481.7	9000	4106.3	0.224	12
Pre-Lockdown	4150.8	11475.8	6591.8	7325	0.8	387
Lockdown	6843.5	11475	8437.5	4631.5	0.834	72
Pre-Lockdown	5380.5	11469	7875	6088.5	1.595	183
Pre-Lockdown	4907.2	11450	9000	6542.8	0.385	60
Lockdown	4628.6	11442.9	7312.5	6814.3	2.811	219
Lockdown	5093.5	11438.8	8812.5	6345.3	0.736	51
Pre-Lockdown	5719.2	11438.5	9082	5719.2	0.883	211
Lockdown	4412.4	11422.7	5250	7010.3	0.903	73
Pre-Lockdown	3561.7	11418.5	10031.2	7856.7	0.898	86
Pre-Lockdown	6220.9	11404.9	7812.5	5184.1	0.797	272
Lockdown	4126.7	11402.7	8250	7276	1.821	58
Lockdown	5345.6	11391.7	6656.2	6046.1	0.965	102
Pre-Lockdown	4598.5	11386.7	8812.5	6788.2	2.03	261
Pre-Lockdown	8461.5	11384.6	10875	2923.1	0.604	98
Pre-Lockdown	6826.1	11376.9	10875	4550.8	0.759	256
Lockdown	3827.2	11362.1	7781.2	7534.9	0.9	48
Pre-Lockdown	3398.2	11327.4	7875	7929.2	1.712	310
Lockdown	5263.2	11315.8	10406.2	6052.6	0.397	28
Pre-Lockdown	5764.5	11315.4	8789.1	5550.9	0.32	158
Pre-Lockdown	6364	11313.7	7324.2	4949.7	1.744	753
Pre-Lockdown	7511.8	11267.6	11230.5	3755.8	0.259	121
Pre-Lockdown	6000	11250	10500	5250	0.193	66
Lockdown	2431.9	11242.5	5812.5	8810.6	1.138	31
Lockdown	8362	11239.8	10687.5	2877.8	0.371	30
Lockdown	4761.9	11238.1	5437.5	6476.2	0.693	36
Pre-Lockdown	4150.8	11231.7	8789.1	7080.9	1.088	549
Pre-Lockdown	3405.4	11231.7	5371.1	7826.3	0.746	343
Pre-Lockdown	4771.9	11228.1	5625	6456.2	1.107	175
Pre-Lockdown	3343.3	11223.9	8625	7880.6	0.259	70
Lockdown	7667.2	11221.3	10125	3554.1	0.559	25
Lockdown	2875	11208.3	9000	8333.3	0.908	69
Lockdown	5308.8	11207.4	5906.2	5898.6	0.777	57
Lockdown	3747.5	11202.7	4406.2	7455.1	0.433	25
Pre-Lockdown	5672.7	11200	6281.2	5527.3	1.331	38
Lockdown	4983.1	11186.4	6093.8	6203.4	0.993	43
Pre-Lockdown	7883.1	11167.7	10125	3284.6	0.124	14
Pre-Lockdown	8105.3	11144.8	8625	3039.5	0.918	318
Lockdown	7028.3	11141.4	8906.2	4113.1	0.337	8
Lockdown	4412.3	11132.7	9468.8	6720.3	2.238	41
Pre-Lockdown	3017	11125.1	6750	8108.1	0.49	59
Lockdown	3915.2	11119.1	7406.2	7203.9	1.324	94
Pre-Lockdown	4663.7	11104.1	7812.5	6440.4	0.881	348
Pre-Lockdown	3263.6	11096.1	8625	7832.5	0.69	133
Pre-Lockdown	8618.8	11093.9	9187.5	2475.1	0.355	15
Pre-Lockdown	4111.2	11090.6	6562.5	6979.4	1.69	107
Lockdown	6121.6	11087	7218.8	4965.3	0.974	95
Lockdown	6760.3	11081.4	9375	4321	3.221	260
Pre-Lockdown	4675.3	11064.9	8625	6389.6	1.093	114
Pre-Lockdown	4385.2	11050.6	10125	6665.4	0.215	84
Lockdown	8491.7	11043.2	9093.8	2551.5	0.108	6
Lockdown	7108.2	11021.6	8437.5	3913.5	0.232	8
Pre-Lockdown	5280.3	11019.8	10742.2	5739.5	1.495	714
Pre-Lockdown	3731.3	11007.5	10742.2	7276.2	0.814	317
Pre-Lockdown	10023	10988.5	10593.8	965.5	0.785	32
Pre-Lockdown	4883.3	10987.5	10986.3	6104.2	0.766	312
Lockdown	3023.9	10985.6	4500	7961.7	0.451	39
Lockdown	8442.9	10971.4	9750	2528.6	0.326	18
Lockdown	6125	10958.3	7125	4833.3	0.59	23
Pre-Lockdown	8484.8	10957.6	9890.6	2472.7	1.83	27
Pre-Lockdown	7664.1	10948.8	10125	3284.7	0.139	21
Pre-Lockdown	4597.7	10942.5	9656.2	6344.8	1.108	37
Lockdown	7667.2	10941.8	8250	3274.5	0.117	3
Pre-Lockdown	4769.2	10923.1	8625	6153.9	0.304	35
Pre-Lockdown	4121.2	10909.1	10875	6787.9	0.749	285
Pre-Lockdown	4955.8	10902.7	6562.5	5946.9	0.505	106
Lockdown	4371.4	10885.7	8531.2	6514.3	1.908	86
Pre-Lockdown	7585.8	10883.9	7812.5	3298.2	0.946	297
Pre-Lockdown	5902.8	10883.3	10500	4980.5	0.183	36
Lockdown	6189.7	10882.9	6937.5	4693.3	2.069	115
Pre-Lockdown	7397.4	10878.6	9000	3481.2	0.115	14
Pre-Lockdown	5984.1	10846.2	6750	4862.1	0.381	122
Lockdown	4585.7	10842.9	9750	6257.1	0.989	105
Lockdown	8456.4	10791.9	9000	2335.6	0.098	5
Lockdown	8577.2	10791.9	9281.2	2214.8	0.086	6
Pre-Lockdown	5318.5	10789	7324.2	5470.5	0.099	29
Pre-Lockdown	8633.4	10781.4	8765.6	2148	2.237	68
Lockdown	5593.2	10779.7	6937.5	5186.4	1.344	104
Lockdown	4242.6	10775	9937.5	6532.3	2.528	108
Pre-Lockdown	2642.1	10771.7	4687.5	8129.6	0.717	107
Pre-Lockdown	3230.8	10769.2	9562.5	7538.4	0.573	138
Pre-Lockdown	5238.9	10761.1	7875	5522.1	3.781	483
Pre-Lockdown	2816	10752	3375	7936	0.5	219
Lockdown	6000	10751.7	7406.2	4751.7	0.605	45
Lockdown	5990.8	10746.5	9375	4755.8	0.749	78
Lockdown	5266.2	10705	9187.5	5438.8	0.565	52
Pre-Lockdown	5920	10655.9	6937.5	4735.9	0.339	62
Pre-Lockdown	3680.4	10632.2	5062.5	6951.8	0.668	74
Pre-Lockdown	3823	10619.5	7687.5	6796.5	0.4	22
Pre-Lockdown	6230.1	10619.5	8062.5	4389.4	0.117	8
Pre-Lockdown	6571.4	10571.4	7500	4000	0.081	6
Pre-Lockdown	5866.7	10569.7	6468.8	4703	0.107	1
Lockdown	4041.2	10556.7	7687.5	6515.5	0.862	65
Pre-Lockdown	5864.6	10556.3	9277.3	4691.7	2.83	1018
Lockdown	4750	10541.7	9468.8	5791.7	0.941	93
Pre-Lockdown	6035.1	10526.3	7687.5	4491.2	0.697	150
Pre-Lockdown	8530.4	10519.3	8953.1	1989	2.003	90
Pre-Lockdown	7972.5	10492.3	8578.1	2519.8	1.201	32
Pre-Lockdown	5522.1	10477.9	8812.5	4955.8	0.507	51
Pre-Lockdown	8795.6	10475.1	9468.8	1679.6	1.374	74
Pre-Lockdown	8486.2	10475.1	9187.5	1989	1.27	53
Pre-Lockdown	8678.8	10472.7	9093.8	1793.9	0.851	17
Lockdown	8899.3	10469.8	9281.2	1570.5	0.106	8
Pre-Lockdown	6826.1	10428.8	9000	3602.7	1.735	679
Pre-Lockdown	8533.3	10424.2	9281.2	1890.9	1.844	43
Lockdown	4631.6	10421.1	7500	5789.5	1.126	103
Pre-Lockdown	2081.3	10406.5	6375	8325.2	0.514	106
Pre-Lockdown	3923.8	10398.1	8437.5	6474.3	0.966	155
Pre-Lockdown	6761.2	10389.2	7812.5	3628	0.381	198
Lockdown	8301.2	10376.5	9656.2	2075.3	0.781	64
Pre-Lockdown	8242.4	10375.8	8859.4	2133.3	1.394	31
Pre-Lockdown	6593.9	10375.8	10125	3781.8	0.159	3
Lockdown	3508.3	10365.4	5062.5	6857.1	0.265	8
Lockdown	6177.4	10342	6281.2	4164.6	0.571	65
Pre-Lockdown	7911.6	10298.3	7968.8	2386.7	0.496	19
Pre-Lockdown	8193.9	10230.3	9328.1	2036.4	0.935	5
Pre-Lockdown	7515.2	10230.3	9609.4	2715.2	1.036	27
Pre-Lockdown	7397.4	10225.9	9000	2828.5	0.7	119
Pre-Lockdown	7028.5	10223.2	8789.1	3194.7	0.903	407
Pre-Lockdown	5109.7	10219.4	9937.5	5109.7	2.36	254
Pre-Lockdown	6296.5	10216.9	8300.8	3920.5	0.269	103
Pre-Lockdown	6552.4	10206.7	8789.1	3654.2	0.183	81
Pre-Lockdown	8000	10181.8	9000	2181.8	1.429	35
Lockdown	4458.4	10139.2	6468.8	5680.8	0.899	55
Lockdown	5854.3	10105.7	7406.2	4251.4	1.142	94
Lockdown	3505.2	10103.1	9562.5	6597.9	0.881	84
Pre-Lockdown	4106.2	10053.1	7500	5946.9	2.259	371
Pre-Lockdown	4421.2	10048.2	6347.7	5627	1.022	532
Lockdown	3508.3	10046.5	8625	6538.2	0.826	83
Pre-Lockdown	6521.7	10000	6738.3	3478.3	0.183	47
Lockdown	3793.8	9979.4	5062.5	6185.6	0.849	47
Pre-Lockdown	7402.3	9977	8203.1	2574.7	0.413	19
Pre-Lockdown	8353.6	9944.8	8812.5	1591.2	0.733	33
Pre-Lockdown	7160.2	9944.8	8250	2784.5	0.266	6
Pre-Lockdown	6206.9	9931	9187.5	3724.1	0.322	12
Lockdown	5393.2	9923.5	7875	4530.3	0.29	21
Pre-Lockdown	3727.6	9907.7	6187.5	6180	0.911	137
Lockdown	4000	9904.8	5156.2	5904.8	0.805	23
Pre-Lockdown	8097	9890.9	8109.4	1793.9	0.805	11
Pre-Lockdown	5042	9873.9	5859.4	4831.9	0.21	72
Pre-Lockdown	7175.8	9842.4	8671.9	2666.7	0.661	17
Pre-Lockdown	4209.2	9757.7	7910.2	5548.5	1.01	356
Pre-Lockdown	4015.6	9752.1	4593.8	5736.5	1.456	92
Pre-Lockdown	8339.4	9697	9093.8	1357.6	0.647	13
Pre-Lockdown	5078.6	9665.8	7742.7	4587.1	0.081	8
Lockdown	3548.2	9647.8	4968.8	6099.7	0.321	18
Pre-Lockdown	6851.8	9592.5	8300.8	2740.7	1.769	753
Lockdown	4544.6	9577.5	5062.5	5032.9	1.652	162
Pre-Lockdown	5307.9	9577.3	5859.4	4269.4	1.218	643
Pre-Lockdown	6428.6	9545.5	7617.2	3116.9	0.183	50
Pre-Lockdown	6252.9	9471.3	6468.8	3218.4	1.065	29
Lockdown	3406.2	9435.6	5812.5	6029.4	1.06	101
Pre-Lockdown	3728.7	9369.7	4500	5640.9	1.311	99
Pre-Lockdown	4015.6	9369.7	7125	5354.1	1.571	128
Pre-Lockdown	5733.3	9316.6	7324.2	3583.3	0.122	31
Pre-Lockdown	5920	9274.6	7312.5	3354.6	0.141	23
Pre-Lockdown	3271.4	9200.9	5250	5929.5	0.732	92
Pre-Lockdown	3920	9178.4	7968.8	5258.5	1.822	147
Lockdown	3883.1	9132.5	5062.5	5249.4	0.861	95
Pre-Lockdown	3602.8	9127.1	7812.5	5524.3	0.321	157
Pre-Lockdown	4963.1	9125.7	5625	4162.6	0.887	360
Pre-Lockdown	7134.1	9079.8	7687.5	1945.7	0.917	174
Lockdown	6299	8930.2	6937.5	2631.2	0.24	11
Lockdown	5063.1	8890.4	7031.2	3827.2	0.292	18
Lockdown	4391.9	8872.5	7593.8	4480.6	0.436	37
Lockdown	3309	8850.5	4031.2	5541.5	0.305	18
Pre-Lockdown	4599.1	8646.2	6375	4047.2	0.217	93
Pre-Lockdown	7540.2	8505.7	8343.8	965.5	0.191	6
Lockdown	7811.3	8502.6	8156.2	691.3	0.305	23
Pre-Lockdown	5253.7	8477.6	6562.5	3223.9	0.297	37
Pre-Lockdown	5462.2	8403.4	5859.4	2941.2	0.249	78
Pre-Lockdown	2862.5	8383	5250	5520.5	1.361	274
Lockdown	4394.4	8375.6	5062.5	3981.2	2.527	216
Pre-Lockdown	5221.7	8267.7	6937.5	3046	0.049	5
Lockdown	4657.3	8075.1	5531.2	3417.8	1.015	62
Lockdown	2839.2	8073.9	4500	5234.8	1.109	88
Lockdown	4049	7967.3	6843.8	3918.4	0.94	26
Pre-Lockdown	7116	7955.8	7359.4	839.8	0.179	3
Pre-Lockdown	5554.1	7883.3	6738.3	2329.2	0.06	7
Pre-Lockdown	3722.6	7883.1	4875	4160.5	0.205	38
Pre-Lockdown	3060.9	7791.3	6375	4730.4	0.278	79
Lockdown	3588	7774.1	4781.2	4186	0.35	17
Pre-Lockdown	3065.7	7773.6	5250	4708	0.332	27
Lockdown	3910.9	7682.1	5906.2	3771.2	0.516	22
Lockdown	4561.1	7547.5	5437.5	2986.4	0.788	69
Pre-Lockdown	4330.8	7458.6	5625	3127.8	0.154	57
Lockdown	4832.6	7384.6	6656.2	2552	1.702	148
Pre-Lockdown	4750	7250	7125	2500	0.314	126
Lockdown	3637.7	7231.1	3656.2	3593.3	0.965	68
Pre-Lockdown	4379.6	7094.9	5296.9	2715.3	0.841	9
Pre-Lockdown	4500	7083.3	4828.1	2583.3	1.135	11
Pre-Lockdown	4759.3	6996.6	5343.8	2237.3	1.102	7
Pre-Lockdown	3060.9	6956.5	5625	3895.7	0.317	113
Pre-Lockdown	3547.3	6925.7	5371.1	3378.4	0.906	405
Pre-Lockdown	3175.1	6897.7	5062.5	3722.6	0.517	12
Pre-Lockdown	3048.6	6706.9	4875	3658.3	0.398	68
Pre-Lockdown	3503.6	6700.7	5296.9	3197.1	0.947	24
Pre-Lockdown	2782.6	6678.3	6375	3895.7	0.298	88
Pre-Lockdown	4379.6	6656.9	5390.6	2277.4	0.669	17
Pre-Lockdown	4137.9	6620.7	6515.6	2482.8	0.938	16
Lockdown	3327.2	6610	5625	3282.8	1.283	87
Pre-Lockdown	4375.7	6585.6	5015.6	2209.9	1.097	7
Pre-Lockdown	1751.8	6569.3	4875	4817.5	0.439	108
Pre-Lockdown	2956.2	6569.3	5062.5	3613.1	0.488	19
Pre-Lockdown	4800	6549.2	5296.9	1749.2	0.727	8
Pre-Lockdown	4678	6549.2	4828.1	1871.2	0.825	19
Pre-Lockdown	4962.7	6508.5	5343.8	1545.8	0.506	8
Pre-Lockdown	4708.3	6458.3	5718.8	1750	0.759	7
Pre-Lockdown	4583.3	6416.7	6187.5	1833.3	0.784	11
Pre-Lockdown	4642.3	6350.4	5062.5	1708	0.735	6
Pre-Lockdown	4467.2	6350.4	5812.5	1883.2	1.167	41
Pre-Lockdown	4379.6	6219	5156.2	1839.4	0.751	12
Pre-Lockdown	4598.5	6219	6093.8	1620.4	0.727	14
Pre-Lockdown	4729.9	6219	4968.8	1489.1	0.743	18
Pre-Lockdown	3954	6206.9	4921.9	2252.9	0.808	22
Pre-Lockdown	3722.6	6131.3	5062.5	2408.7	0.442	103
Pre-Lockdown	4500	6125	5343.8	1625	0.939	9
Lockdown	2927.9	6122	5156.2	3194.1	0.631	24
Pre-Lockdown	4248.2	6087.6	4828.1	1839.4	0.988	12
Pre-Lockdown	4729.9	6087.6	5250	1357.7	0.776	20
Pre-Lockdown	4554.7	6087.6	4828.1	1532.8	0.743	28
Pre-Lockdown	3135.9	6087.3	4500	2951.4	0.366	62
Pre-Lockdown	5333.3	6083.3	5390.6	750	0.825	20
Lockdown	4684.2	6052.6	5625	1368.4	0.602	48
Pre-Lockdown	4642.3	6043.8	5437.5	1401.5	0.686	10
Pre-Lockdown	4335.8	6000	5015.6	1664.2	0.865	11
Lockdown	4157.4	5997.6	4312.5	1840.2	1.033	74
Pre-Lockdown	4685.1	5966.9	5156.2	1281.8	0.831	10
Pre-Lockdown	4458.3	5958.3	4921.9	1500	1.045	9
Pre-Lockdown	4905.1	5956.2	5109.4	1051.1	0.841	26
Pre-Lockdown	4510.9	5956.2	5296.9	1445.3	0.923	14
Pre-Lockdown	4948.9	5912.4	5109.4	963.5	0.816	28
Pre-Lockdown	4515.3	5898.3	4781.2	1383.1	0.963	24
Lockdown	4507	5896.7	5062.5	1389.7	0.799	66
Pre-Lockdown	4554.7	5868.6	5437.5	1313.9	0.776	19
Pre-Lockdown	4554.7	5868.6	4781.2	1313.9	0.972	18
Pre-Lockdown	4423.4	5868.6	4781.2	1445.3	0.931	23
Pre-Lockdown	4379.6	5868.6	5109.4	1489.1	0.89	14
Pre-Lockdown	4191.2	5867.6	4687.5	1676.5	2.996	142
Pre-Lockdown	4411.8	5867.6	5062.5	1455.9	0.743	20
Pre-Lockdown	2226.1	5843.5	5625	3617.4	0.629	227
Pre-Lockdown	4198.9	5834.3	5156.2	1635.4	0.82	7
Pre-Lockdown	4598.5	5824.8	4781.2	1226.3	0.939	10
Pre-Lockdown	4500	5823.5	4921.9	1323.5	1.053	30
Pre-Lockdown	4555.9	5816.9	5062.5	1261	1.216	40
Pre-Lockdown	4474.6	5816.9	5015.6	1342.4	0.865	8
Pre-Lockdown	3547.3	5804.7	5625	2257.4	0.293	93
Lockdown	3561.7	5796.5	4593.8	2234.8	0.622	48
Pre-Lockdown	5166.7	5791.7	5765.6	625	0.718	12
Pre-Lockdown	4596.7	5790.1	5062.5	1193.4	0.739	17
Pre-Lockdown	4367.6	5779.4	5156.2	1411.8	0.792	4
Pre-Lockdown	4352.5	5776.3	4921.9	1423.7	3.184	103
Pre-Lockdown	4881.4	5776.3	5343.8	894.9	0.604	10
Lockdown	3282.8	5767.1	4125	2484.3	0.373	19
Lockdown	3565.5	5759.7	4781.2	2194.2	0.94	39
Lockdown	3786.3	5747	5156.2	1960.7	0.622	55
Pre-Lockdown	4729.3	5745.9	5343.8	1016.6	0.774	19
Pre-Lockdown	4686.1	5737.2	4968.8	1051.1	0.792	23
Pre-Lockdown	4204.4	5737.2	5250	1532.8	0.678	9
Pre-Lockdown	4840.7	5735.6	5390.6	894.9	0.58	8
Pre-Lockdown	4411.8	5735.3	5296.9	1323.5	0.89	13
Pre-Lockdown	4625	5708.3	4921.9	1083.3	0.816	14
Pre-Lockdown	4729.9	5693.4	5250	963.5	0.792	15
Pre-Lockdown	4467.2	5693.4	4875	1226.3	0.874	17
Pre-Lockdown	4861.3	5693.4	5109.4	832.1	0.669	6
Pre-Lockdown	4367.6	5691.2	4968.8	1323.5	0.767	22
Pre-Lockdown	4367.6	5691.2	5062.5	1323.5	0.462	16
Pre-Lockdown	3048.6	5690.7	4500	2642.1	0.352	72
Lockdown	4191.9	5679.4	5250	1487.5	0.689	62
Lockdown	3565.8	5678.9	4875	2113.1	0.571	48
Pre-Lockdown	3977.9	5657.5	5109.4	1679.6	0.687	14
Pre-Lockdown	4643.7	5655.2	5203.1	1011.5	0.569	14
Pre-Lockdown	4352.5	5654.2	4781.2	1301.7	1.004	18
Pre-Lockdown	4515.3	5654.2	5015.6	1139	0.898	11
Pre-Lockdown	4637.3	5654.2	5250	1016.9	0.784	16
Pre-Lockdown	4029.2	5649.6	5109.4	1620.4	0.767	9
Pre-Lockdown	4379.6	5649.6	5203.1	1270.1	0.825	13
Pre-Lockdown	4541.7	5625	5109.4	1083.3	0.988	17
Pre-Lockdown	4554.7	5605.8	5015.6	1051.1	0.718	13
Pre-Lockdown	4411.8	5602.9	5062.5	1191.2	0.404	13
Pre-Lockdown	4625	5583.3	5250	958.3	1.143	47
Pre-Lockdown	4791.7	5583.3	5343.8	791.7	0.784	23
Pre-Lockdown	4555.9	5572.9	4593.8	1016.9	0.931	17
Pre-Lockdown	4718.6	5572.9	5250	854.2	0.751	6
Pre-Lockdown	4464.1	5569.1	4875	1105	0.664	6
Pre-Lockdown	4554.7	5562	5015.6	1007.3	0.498	12
Pre-Lockdown	4379.6	5562	4875	1182.5	0.686	4
Pre-Lockdown	4102.9	5558.8	5109.4	1455.9	0.988	26
Lockdown	3771.2	5554	4875	1782.8	0.715	52
Pre-Lockdown	4458.3	5541.7	4781.2	1083.3	0.833	30
Pre-Lockdown	2672.5	5523.2	5250	2850.7	0.346	150
Pre-Lockdown	4379.6	5518.2	5250	1138.7	0.923	27
Pre-Lockdown	4554.7	5518.2	5203.1	963.5	0.547	9
Pre-Lockdown	4102.9	5514.7	5437.5	1411.8	5.764	251
Pre-Lockdown	4335.8	5474.5	4921.9	1138.7	1.037	20
Pre-Lockdown	4729.9	5474.5	5156.2	744.5	0.678	13
Pre-Lockdown	4544.1	5470.6	5015.6	926.5	0.857	7
Pre-Lockdown	4102.9	5470.6	4875	1367.6	0.826	33
Pre-Lockdown	4708.3	5458.3	4921.9	750	0.833	31
Pre-Lockdown	4510.9	5430.7	5015.6	919.7	0.882	30
Pre-Lockdown	4323.5	5426.5	4968.8	1102.9	0.866	17
Pre-Lockdown	4555.9	5369.5	5156.2	813.6	0.808	20
Pre-Lockdown	4160.6	5343.1	4359.4	1182.5	0.531	22
Pre-Lockdown	2658	5316.1	4875	2658.1	0.429	75
Pre-Lockdown	4014.7	5250	4828.1	1235.3	0.767	14
Pre-Lockdown	4191.2	5250	4734.4	1058.8	0.482	16
Lockdown	4118.4	5183.5	4593.8	1065.1	0.346	25
Pre-Lockdown	4058.8	5161.8	4781.2	1102.9	0.612	10
Pre-Lockdown	3440.9	5161.4	4394.5	1720.5	0.661	282